sysbench 1.0.20 (using bundled LuaJIT 2.1.0-beta2)

Running the test with following options:
Number of threads: 56
Report intermediate results every 1 second(s)
Initializing random number generator from current time


Initializing worker threads...

DB SCHEMA publicDB SCHEMA publicDB SCHEMA publicDB SCHEMA publicDB SCHEMA public




DB SCHEMA public
DB SCHEMA public
DB SCHEMA public
DB SCHEMA public
DB SCHEMA public
DB SCHEMA public
DB SCHEMA public
DB SCHEMA public
DB SCHEMA public
DB SCHEMA public
DB SCHEMA public
DB SCHEMA public
DB SCHEMA public
DB SCHEMA public
DB SCHEMA public
DB SCHEMA public
DB SCHEMA public
DB SCHEMA public
DB SCHEMA public
DB SCHEMA public
DB SCHEMA public
DB SCHEMA public
DB SCHEMA public
DB SCHEMA public
DB SCHEMA public
DB SCHEMA public
DB SCHEMA public
DB SCHEMA public
DB SCHEMA public
DB SCHEMA public
DB SCHEMA public
DB SCHEMA public
DB SCHEMA public
DB SCHEMA public
DB SCHEMA public
DB SCHEMA public
DB SCHEMA public
DB SCHEMA public
DB SCHEMA public
DB SCHEMA public
DB SCHEMA public
DB SCHEMA public
DB SCHEMA public
DB SCHEMA public
DB SCHEMA public
DB SCHEMA public
DB SCHEMA public
DB SCHEMA public
DB SCHEMA public
DB SCHEMA public
DB SCHEMA public
Threads started!

1,56,658.55,19624.84,8882.47,9257.64,1484.73,204.11,2.99,0.00
2,56,818.60,24205.80,11061.14,11508.46,1636.20,186.54,7.01,0.00
3,56,821.84,24413.19,11166.80,11601.72,1644.68,179.94,3.00,0.00
4,56,908.05,26371.55,12069.71,12485.74,1816.11,189.93,6.00,0.00
5,56,1072.13,30559.66,13955.67,14459.73,2144.26,153.02,5.00,0.00
6,56,1061.99,29490.60,13512.81,13853.81,2123.97,155.80,3.00,0.00
7,56,1053.81,29825.56,13635.51,14082.43,2107.62,167.44,0.00,0.00
8,56,1032.10,29986.90,13681.32,14241.38,2064.20,167.44,4.00,0.00
9,56,1112.96,31453.97,14425.53,14802.51,2225.93,150.29,8.00,0.00
10,56,1129.12,32596.60,14888.65,15449.71,2258.25,142.39,6.00,0.00
11,56,1064.08,30575.38,13959.09,14488.13,2128.17,176.73,10.00,0.00
12,56,1113.03,30780.77,14021.35,14533.37,2226.06,161.51,8.00,0.00
13,56,1231.71,35891.58,16384.16,17044.00,2463.42,125.52,6.00,0.00
14,56,1081.17,30705.88,13981.22,14562.32,2162.34,153.02,6.00,0.00
15,56,1116.94,31456.26,14339.21,14883.18,2233.88,144.97,2.00,0.00
16,56,1137.83,32618.22,14884.82,15457.73,2275.67,153.02,5.00,0.00
17,56,1301.03,36575.81,16713.37,17260.38,2602.06,121.08,6.00,0.00
18,56,1207.24,35076.09,16082.25,16579.35,2414.49,121.08,6.00,0.00
19,56,1074.84,31409.47,14326.93,14932.85,2149.69,130.13,4.00,0.00
20,56,1155.04,32550.26,14861.57,15378.59,2310.09,134.90,7.00,0.00
21,56,1155.98,32016.50,14578.77,15125.76,2311.96,167.44,9.00,0.00
22,56,1308.11,36852.21,16803.46,17432.52,2616.23,110.66,4.00,0.00
23,56,1385.85,38400.76,17526.06,18103.00,2771.69,106.75,6.00,0.00
24,56,1372.83,40391.89,18396.67,19249.56,2745.65,102.97,8.00,0.00
25,56,1367.27,40032.92,18315.62,18982.75,2734.54,102.97,9.00,0.00
26,56,1403.18,40285.21,18381.38,19097.47,2806.36,102.97,7.00,0.00
27,56,1417.73,40482.32,18407.51,19239.35,2835.46,110.66,5.00,0.00
28,56,1450.02,41159.50,18786.23,19473.24,2900.04,94.10,3.00,0.00
29,56,1548.84,44301.32,20243.86,20959.78,3097.67,86.00,5.00,0.00
30,56,1548.89,43227.91,19691.59,20438.54,3097.78,80.03,6.00,0.00
31,56,1662.21,45734.75,20870.62,21539.71,3324.42,74.46,9.00,0.00
32,56,1553.98,44263.48,20216.76,20938.75,3107.96,74.46,8.00,0.00
33,56,1602.95,45905.45,20927.30,21772.27,3205.89,80.03,6.00,0.00
34,56,1746.99,48943.79,22384.90,23064.90,3493.98,68.05,3.00,0.00
35,56,1667.94,48931.16,22331.16,23264.13,3335.87,71.83,5.00,0.00
36,56,1533.04,43217.09,19679.50,20471.52,3066.08,75.82,7.00,0.00
37,56,1625.74,46507.70,21184.67,22071.53,3251.49,75.82,5.00,0.00
38,56,1692.27,48558.69,22092.50,23081.66,3384.54,66.84,4.00,0.00
39,56,1779.00,49698.05,22628.02,23512.03,3558.00,66.84,7.00,0.00
40,56,1772.01,50065.24,22828.11,23693.12,3544.02,66.84,11.00,0.00
41,56,1697.77,50131.35,22895.96,23839.84,3395.55,65.65,6.00,0.00
42,56,1798.23,52041.56,23735.99,24709.11,3596.45,65.65,13.00,0.00
43,56,1882.95,53258.48,24255.31,25237.28,3765.89,63.32,10.00,0.00
44,56,1906.95,53057.63,24297.37,24946.35,3813.90,61.08,7.00,0.00
45,56,1830.26,50418.72,22936.78,23821.42,3660.53,66.84,4.00,0.00
46,56,1904.10,53928.95,24633.35,25487.39,3808.21,59.99,7.00,0.00
47,56,1723.62,51058.36,23323.39,24287.73,3447.24,64.47,7.00,0.00
48,56,1827.91,51915.32,23659.78,24599.73,3655.81,62.19,7.00,0.00
49,56,1942.05,54437.38,24790.63,25762.65,3884.10,61.08,8.00,0.00
50,56,1876.01,54011.34,24653.15,25606.16,3752.02,59.99,5.00,0.00
51,56,1942.23,54192.52,24694.97,25613.08,3884.47,59.99,12.00,0.00
52,56,1921.82,55817.82,25475.63,26498.54,3843.64,64.47,13.00,0.00
53,56,1933.87,55584.37,25430.34,26292.28,3861.75,58.92,13.00,0.00
54,56,2003.49,56222.66,25687.45,26522.24,4012.98,58.92,5.00,0.00
55,56,1997.71,57473.33,26211.27,27266.65,3995.41,56.84,9.00,0.00
56,56,2018.93,58654.99,26768.08,27849.04,4037.86,58.92,8.00,0.00
57,56,2028.06,56964.71,25991.78,26916.81,4056.12,53.85,10.00,0.00
58,56,2081.93,58361.00,26627.09,27570.06,4163.86,55.82,5.00,0.00
59,56,2063.81,59311.66,26978.57,28205.46,4127.63,55.82,13.00,0.00
60,56,2039.18,56226.96,25642.26,26506.34,4078.36,55.82,9.00,0.00
61,56,2159.09,61896.55,28215.16,29363.21,4318.18,54.83,11.00,0.00
62,56,1923.96,53852.83,24515.47,25489.45,3847.92,61.08,6.00,0.00
63,56,2012.99,59408.80,27111.91,28270.91,4025.99,55.82,15.00,0.00
64,56,2072.09,58824.55,26858.16,27822.21,4144.18,54.83,8.00,0.00
65,56,2036.93,58153.96,26490.07,27590.03,4073.86,55.82,4.00,0.00
66,56,1998.12,57353.33,26170.52,27186.58,3996.23,58.92,11.00,0.00
67,56,2120.62,61048.97,27870.96,28936.77,4241.23,54.83,10.00,0.00
68,56,2058.63,57072.51,26000.98,26954.27,4117.26,56.84,6.00,0.00
69,56,2220.53,62085.91,28337.02,29306.82,4442.06,52.89,9.00,0.00
70,56,2133.03,62240.98,28412.45,29563.46,4265.07,53.85,12.00,0.00
71,56,2280.70,64219.59,29309.16,30349.02,4561.40,51.02,11.00,0.00
72,56,2316.46,64909.79,29621.84,30655.04,4632.91,51.02,8.00,0.00
73,56,2332.77,67896.30,30949.95,32280.82,4665.54,50.11,7.00,0.00
74,56,2307.18,64428.00,29392.28,30421.36,4614.36,48.34,6.00,0.00
75,56,2245.01,64739.29,29569.13,30680.14,4490.02,53.85,5.00,0.00
76,56,2513.77,71145.52,32427.05,33690.93,5027.54,45.79,15.00,0.00
77,56,2342.04,64747.11,29526.51,30536.52,4684.08,50.11,10.00,0.00
78,56,2394.89,66428.01,30353.63,31284.59,4789.78,48.34,8.00,0.00
79,56,2395.19,65748.85,29912.92,31045.54,4790.39,49.21,9.00,0.00
80,56,2380.56,68108.30,31030.21,32316.97,4761.11,49.21,14.00,0.00
81,56,2170.42,60343.49,27444.96,28557.69,4340.84,54.83,10.01,0.00
82,56,2159.90,60819.21,27823.72,28675.69,4319.80,53.85,7.00,0.00
83,56,2103.03,59635.94,27257.43,28172.45,4206.07,54.83,3.00,0.00
84,56,2183.63,61593.46,28165.18,29061.03,4367.25,53.85,11.00,0.00
85,56,2101.33,59741.92,27243.30,28295.96,4202.66,55.82,8.00,0.00
86,56,1996.92,57361.52,26219.12,27148.55,3993.85,57.87,10.00,0.00
87,56,2117.39,59858.87,27287.19,28336.89,4234.79,54.83,9.00,0.00
88,56,2120.70,60421.82,27602.05,28578.37,4241.39,54.83,9.00,0.00
89,56,2216.81,61569.78,28042.62,29093.53,4433.62,53.85,7.00,0.00
90,56,2172.10,62253.75,28482.26,29427.30,4344.19,52.89,4.00,0.00
91,56,2164.11,63057.20,28726.46,30002.52,4328.22,54.83,12.00,0.00
92,56,2248.02,63052.50,28711.23,29845.24,4496.04,51.02,12.00,0.00
93,56,2171.89,63034.83,28821.55,29869.50,4343.78,52.89,10.00,0.00
94,56,2260.67,64291.52,29351.67,30418.52,4521.33,51.94,13.00,0.00
95,56,2145.06,61379.58,27990.72,29098.75,4290.11,53.85,7.00,0.00
96,56,2048.40,57410.12,26207.08,27106.25,4096.79,57.87,6.00,0.00
97,56,2335.99,67548.62,30836.83,32039.82,4671.97,50.11,11.00,0.00
98,56,2186.98,64625.38,29469.72,30781.70,4373.96,52.89,14.00,0.00
99,56,2354.85,67035.80,30529.09,31797.01,4709.70,49.21,17.00,0.00
100,56,2405.17,69253.84,31660.21,32783.29,4810.34,48.34,9.00,0.00
101,56,2320.01,64706.20,29532.09,30534.09,4640.01,51.02,7.00,0.00
102,56,2335.00,66850.94,30452.97,31727.97,4670.00,51.02,12.00,0.00
103,56,2429.88,68426.66,31174.48,32392.42,4859.76,49.21,8.00,0.00
104,56,2418.94,68481.35,31244.25,32399.22,4837.88,48.34,18.00,0.00
105,56,2555.17,72399.75,33066.17,34223.24,5110.33,45.79,9.00,0.00
106,56,2446.62,68899.43,31531.16,32475.02,4893.25,48.34,12.00,0.00
107,56,2377.00,67240.90,30687.95,31798.95,4753.99,49.21,10.00,0.00
108,56,2200.43,62557.84,28507.64,29649.34,4400.86,52.89,11.00,0.00
109,56,2384.38,67146.76,30679.92,31698.08,4768.76,50.11,6.00,0.00
110,56,2462.61,69445.24,31662.86,32857.16,4925.22,47.47,13.00,0.00
111,56,2593.99,73423.72,33505.87,34729.87,5187.98,44.98,9.00,0.00
112,56,2511.95,71442.50,32544.32,33874.29,5023.89,46.63,12.00,0.00
113,56,2631.04,72892.16,33212.53,34417.55,5262.08,44.17,7.00,0.00
114,56,2595.46,72088.92,32819.14,34078.87,5190.91,45.79,9.00,0.00
115,56,2589.20,73642.80,33568.64,34895.75,5178.41,45.79,9.00,0.00
116,56,2500.72,71957.95,32866.32,34090.19,5001.44,46.63,8.00,0.00
117,56,2595.50,75230.60,34364.67,35674.92,5191.01,44.98,15.00,0.00
118,56,2693.58,76573.15,34874.60,36311.38,5387.17,43.39,9.00,0.00
119,56,2691.30,76886.60,35052.92,36451.08,5382.60,44.17,13.00,0.00
120,56,2679.11,76794.01,34997.37,36438.43,5358.21,43.39,9.00,0.00
121,56,2559.11,74016.09,33823.41,35074.46,5118.21,44.98,12.00,0.00
122,56,2692.05,76329.43,34752.65,36192.68,5384.10,43.39,8.00,0.00
123,56,2479.97,71009.25,32431.66,33617.64,4959.95,47.47,8.00,0.00
124,56,2365.61,69487.48,31740.74,33015.53,4731.22,50.11,12.00,0.00
125,56,2558.47,73112.37,33322.09,34673.34,5116.94,46.63,10.00,0.00
126,56,2471.93,71534.94,32611.06,33980.02,4943.86,48.34,13.00,0.00
127,56,2563.10,72591.93,33156.34,34309.39,5126.21,45.79,11.00,0.00
128,56,2698.96,73469.79,33551.45,34520.43,5397.91,44.98,13.00,0.00
129,56,2736.03,76806.75,35074.34,36260.35,5472.05,42.61,7.00,0.00
130,56,2465.98,69380.51,31642.78,32805.77,4931.97,49.21,7.00,0.00
131,56,2571.64,73743.63,33742.25,34858.10,5143.28,46.63,11.00,0.00
132,56,2718.47,76847.64,35071.21,36339.49,5436.93,42.61,13.99,0.00
133,56,2641.58,75856.42,34644.74,35928.51,5283.16,44.17,8.00,0.00
134,56,2789.43,79398.30,36120.67,37698.78,5578.86,42.61,11.99,0.00
135,56,2693.79,74701.72,34029.65,35284.48,5387.59,44.17,10.01,0.00
136,56,2597.94,73952.33,33716.24,35040.21,5195.88,45.79,12.00,0.00
137,56,2619.99,74246.75,33863.89,35143.88,5238.98,45.79,13.00,0.00
138,56,2782.95,79354.65,36219.38,37568.36,5566.91,41.85,15.00,0.00
139,56,2898.96,81854.88,37425.49,38631.47,5797.92,41.10,16.00,0.00
140,56,2854.49,81028.43,36906.36,38413.09,5708.97,40.37,14.00,0.00
141,56,2812.18,79193.93,36060.24,37509.33,5624.35,42.61,14.00,0.00
142,56,2834.43,82108.42,37441.66,38997.90,5668.86,42.61,8.00,0.00
143,56,2871.75,80689.08,36875.84,38069.73,5743.51,40.37,13.00,0.00
144,56,2855.84,80177.49,36631.94,37833.87,5711.68,41.85,12.00,0.00
145,56,2786.48,80240.91,36613.35,38054.60,5572.97,41.85,11.00,0.00
146,56,3064.86,87086.12,39617.24,41339.16,6129.73,38.25,14.00,0.00
147,56,2690.01,77571.15,35322.07,36869.07,5380.01,43.39,12.00,0.00
148,56,2754.10,79214.74,36154.25,37552.30,5508.19,42.61,5.00,0.00
149,56,2863.94,82252.22,37572.19,38952.16,5727.88,40.37,13.00,0.00
150,56,2988.08,84066.25,38371.03,39719.06,5976.16,39.65,10.00,0.00
151,56,2959.97,84890.27,38748.67,40221.65,5919.95,41.10,12.00,0.00
152,56,3080.73,87163.19,39710.68,41291.03,6161.47,38.94,12.99,0.00
153,56,3078.30,88612.45,40467.10,41988.74,6156.60,38.25,10.00,0.00
154,56,3082.78,86832.91,39558.23,41109.12,6165.57,38.25,10.00,0.00
155,56,3029.09,85561.66,39003.21,40500.26,6058.19,39.65,12.00,0.00
156,56,2973.12,84189.30,38387.50,39855.56,5946.23,39.65,8.00,0.00
157,56,2886.93,82774.08,37773.12,39227.09,5773.87,40.37,10.00,0.00
158,56,2858.09,80859.48,36939.13,38204.17,5716.18,41.10,11.00,0.00
159,56,2941.86,83027.13,37891.24,39252.17,5883.73,41.10,11.00,0.00
160,56,3086.52,88171.32,40225.76,41772.52,6173.04,38.25,15.00,0.00
161,56,3013.04,85032.03,38788.47,40217.49,6026.07,38.94,11.00,0.00
162,56,3131.76,84961.50,38717.04,39980.94,6263.52,37.56,7.00,0.00
163,56,3020.47,88322.45,40278.91,42002.61,6040.94,37.56,14.00,0.00
164,56,3144.37,89794.62,41022.85,42492.03,6279.74,36.89,4.00,0.00
165,56,3056.07,86392.89,39423.86,40847.89,6121.13,38.94,11.00,0.00
166,56,3193.76,89236.37,40726.75,42122.09,6387.53,37.56,14.00,0.00
167,56,3143.96,89236.83,40672.47,42276.45,6287.92,36.89,10.00,0.00
168,56,3060.85,87774.61,39989.00,41663.91,6121.69,38.25,13.00,0.00
169,56,3018.71,84842.80,38590.27,40215.11,6037.42,38.94,17.00,0.00
170,56,3267.29,90896.05,41383.67,42980.81,6531.58,36.24,12.00,0.00
171,56,3197.27,91723.69,41906.51,43419.64,6397.54,36.89,14.00,0.00
172,56,3319.98,95170.55,43387.80,45142.79,6639.97,34.95,20.00,0.00
173,56,3289.07,93007.07,42478.95,43949.98,6578.15,36.24,15.00,0.00
174,56,3324.93,93318.10,42552.13,44125.10,6640.86,36.24,22.00,0.00
175,56,3321.99,94755.80,43219.91,44882.90,6652.99,35.59,9.00,0.00
176,56,3368.02,95024.50,43313.23,44975.24,6736.04,36.24,12.00,0.00
177,56,3485.83,98617.19,45070.80,46575.73,6970.66,33.72,18.00,0.00
178,56,3361.23,97114.60,44363.01,46028.13,6723.46,34.95,15.00,0.00
179,56,3283.92,92653.82,42316.01,43769.97,6567.85,35.59,11.00,0.00
180,56,3474.05,100216.33,45743.61,47524.63,6948.09,33.72,17.00,0.00
181,56,3541.96,100851.73,46046.42,47723.40,7081.91,33.12,13.00,0.00
182,56,3433.01,96892.32,44135.14,45889.15,6868.02,34.33,17.00,0.00
183,56,3575.91,101929.39,46405.81,48371.76,7151.82,32.53,18.00,0.00
184,56,3744.92,105151.76,47942.98,49718.94,7489.84,31.94,21.00,0.00
185,56,3718.72,103354.35,47211.51,48705.40,7437.45,31.37,8.00,0.00
186,56,3676.88,104709.60,47635.45,49720.39,7353.76,31.94,11.00,0.00
187,56,3182.85,93336.55,42624.97,44345.89,6365.70,36.24,17.00,0.00
188,56,3487.57,97999.99,44740.52,46285.33,6974.15,33.12,9.00,0.00
189,56,3487.27,98211.80,44725.30,46510.95,6975.54,34.33,12.00,0.00
190,56,3363.93,95820.90,43735.04,45358.01,6727.85,33.72,13.00,0.00
191,56,3483.78,98685.81,45063.18,46657.08,6965.56,33.12,20.00,0.00
192,56,3435.15,99068.47,45208.04,46988.12,6872.31,33.72,12.00,0.00
193,56,3536.14,98681.83,45003.75,46605.81,7072.27,33.72,19.00,0.00
194,56,3665.85,102437.86,46605.12,48501.04,7331.70,31.37,20.00,0.00
195,56,3766.80,106040.25,48320.38,50186.28,7533.59,30.81,23.00,0.00
196,56,3677.38,106370.87,48532.96,50487.16,7350.75,31.37,22.00,0.00
197,56,3730.83,105102.10,47945.77,49697.68,7458.65,31.37,12.00,0.00
198,56,3735.10,106320.87,48536.31,50307.36,7477.20,30.26,15.00,0.00
199,56,3559.08,101296.20,46236.00,47942.04,7118.15,33.12,17.00,0.00
200,56,3703.00,104851.87,47834.94,49610.94,7405.99,31.37,20.00,0.00
201,56,3773.65,108179.00,49405.43,51226.26,7547.30,30.81,14.00,0.00
202,56,3909.06,111227.77,50760.81,52648.84,7818.12,29.72,13.00,0.00
203,56,3958.13,111537.66,50853.67,52767.73,7916.26,29.19,12.00,0.00
204,56,3926.90,109984.12,50189.68,51940.64,7853.79,29.72,14.00,0.00
205,56,4002.23,113537.46,51827.95,53705.05,8004.46,29.19,18.00,0.00
206,56,4033.78,114845.75,52391.15,54387.04,8067.56,29.19,18.00,0.00
207,56,3959.88,112084.58,51156.44,53008.38,7919.76,29.72,12.00,0.00
208,56,3891.16,111748.66,50864.12,53102.21,7782.32,29.72,20.00,0.00
209,56,3881.91,110787.45,50517.84,52505.79,7763.82,30.26,18.00,0.00
210,56,4064.90,115126.06,52517.66,54478.61,8129.79,29.19,17.00,0.00
211,56,3828.10,108277.85,49339.30,51282.35,7656.20,30.81,19.00,0.00
212,56,3982.04,112285.07,51182.49,53138.50,7964.08,29.72,23.00,0.00
213,56,4068.00,115101.06,52480.03,54485.03,8136.00,28.67,15.00,0.00
214,56,4197.05,116975.38,53414.63,55166.65,8394.10,28.16,24.00,0.00
215,56,4033.99,115827.63,52888.83,54870.82,8067.97,29.19,20.00,0.00
216,56,4142.97,116138.19,52922.63,54929.61,8285.94,28.67,10.00,0.00
217,56,4182.85,119576.72,54522.05,56688.97,8365.70,28.16,14.00,0.00
218,56,4124.26,117810.50,53694.42,55867.56,8248.53,28.67,20.00,0.00
219,56,4184.82,118236.05,54013.74,55852.66,8369.65,28.16,21.00,0.00
220,56,3992.10,114363.86,52216.30,54163.35,7984.20,29.72,15.00,0.00
221,56,4134.71,117796.80,53636.26,55891.11,8269.42,28.67,11.00,0.00
222,56,4308.24,119464.70,54529.06,56319.16,8616.48,27.66,20.00,0.00
223,56,4355.83,123626.18,56487.80,58426.72,8711.66,27.17,16.00,0.00
224,56,4401.92,123095.80,56169.00,58122.96,8803.84,27.17,19.00,0.00
225,56,4270.36,120379.22,54913.66,56924.83,8540.73,27.17,18.00,0.00
226,56,4490.92,124925.84,56960.01,58983.98,8981.84,26.20,20.00,0.00
227,56,4477.93,126324.05,57705.11,59663.08,8955.86,26.20,22.00,0.00
228,56,4260.80,120378.22,54876.37,56980.26,8521.59,28.16,21.00,0.00
229,56,3785.18,107948.14,49264.35,51113.43,7570.36,30.81,14.00,0.00
230,56,4076.94,116200.21,53027.18,55019.15,8153.87,28.67,10.00,0.00
231,56,3949.19,113322.38,51720.46,53703.55,7898.38,29.72,14.00,0.00
232,56,4182.61,118466.96,53973.97,56127.77,8365.22,28.67,14.00,0.00
233,56,4292.36,121672.28,55541.69,57545.86,8584.73,27.17,16.00,0.00
234,56,4243.03,121712.94,55579.43,57647.44,8486.07,27.66,18.00,0.00
235,56,4487.86,124294.11,56701.22,58617.16,8975.72,27.17,18.00,0.00
236,56,4262.14,122419.05,55738.85,58155.93,8524.28,27.66,19.00,0.00
237,56,4471.00,126804.03,57900.01,59962.01,8942.00,26.20,19.00,0.00
238,56,4598.99,131448.73,59933.88,62316.87,9197.98,25.74,26.00,0.00
239,56,4357.72,123622.09,56371.39,58535.25,8715.44,27.66,16.00,0.00
240,56,4362.56,125313.12,57213.36,59374.64,8725.12,26.20,16.00,0.00
241,56,4430.85,122879.83,56125.10,57893.04,8861.70,26.68,12.00,0.00
242,56,4623.56,130837.58,59628.34,61962.12,9247.12,25.74,19.00,0.00
243,56,4536.10,128531.96,58648.35,60811.40,9072.21,26.20,26.00,0.00
244,56,4602.19,130483.35,59472.44,61806.53,9204.38,25.74,24.00,0.00
245,56,4593.03,130343.92,59385.42,61772.44,9186.07,26.20,15.00,0.00
246,56,4440.70,127717.49,58244.12,60591.96,8881.41,26.68,16.00,0.00
247,56,4547.13,128156.63,58432.66,60629.72,9094.26,26.68,26.00,0.00
248,56,4580.16,130161.52,59458.07,61543.14,9160.32,26.20,16.00,0.00
249,56,4440.14,127100.92,57891.78,60328.86,8880.27,27.66,16.00,0.00
250,56,4534.00,127359.86,58190.94,60100.93,9067.99,25.74,16.00,0.00
251,56,4261.00,123290.04,56199.02,58569.02,8522.00,29.19,19.00,0.00
252,56,4134.02,121268.54,55283.25,57717.26,8268.04,29.19,18.00,0.00
253,56,4277.76,121965.05,55717.82,57691.71,8555.51,27.17,17.00,0.00
254,56,4293.29,123690.26,56447.77,58655.92,8586.57,28.16,22.00,0.00
255,56,4375.88,125577.50,57348.40,59477.34,8751.76,27.17,19.00,0.00
256,56,4557.66,128677.53,58677.68,60884.52,9115.33,26.20,26.00,0.00
257,56,4534.28,129858.97,59101.63,61688.79,9068.56,26.68,19.00,0.00
258,56,4483.09,128534.46,58591.12,60977.16,8966.17,26.68,19.00,0.00
259,56,4646.66,129618.58,59197.70,61127.56,9293.32,25.74,21.00,0.00
260,56,4729.99,134339.67,61306.85,63572.84,9459.98,24.83,28.00,0.00
261,56,4579.19,132064.62,60290.56,62616.66,9157.39,25.74,28.00,0.00
262,56,4609.18,129253.05,59069.31,60964.38,9219.36,25.28,19.00,0.00
263,56,4647.20,130856.55,59735.53,61826.62,9294.39,25.74,19.00,0.00
264,56,4748.44,138032.70,63011.56,65524.26,9496.88,24.38,17.00,0.00
265,56,4860.34,139736.86,63765.50,66250.67,9720.69,24.83,30.00,0.00
266,56,5013.71,141051.74,64329.23,66695.10,10027.41,23.52,21.00,0.00
267,56,5060.31,142732.63,65117.94,67494.08,10120.61,23.52,22.00,0.00
268,56,4933.03,141624.78,64699.36,67059.37,9866.05,23.95,19.00,0.00
269,56,5116.80,143483.40,65478.44,67771.35,10233.60,23.10,26.00,0.00
270,56,5044.19,142847.52,65171.52,67587.61,10088.39,23.52,18.00,0.00
271,56,4865.64,139201.80,63559.34,65911.17,9731.29,24.38,28.00,0.00
272,56,4941.68,141141.90,64431.85,66826.69,9883.36,23.95,19.00,0.00
273,56,5013.36,141807.28,64739.69,67040.86,10026.73,23.52,21.00,0.00
274,56,4731.31,134525.72,61362.98,63700.13,9462.61,24.83,25.00,0.00
275,56,4896.99,138545.82,63087.92,65663.91,9793.99,24.38,17.00,0.00
276,56,4964.75,142229.97,65001.79,67298.67,9929.51,23.95,16.00,0.00
277,56,5022.04,143133.05,65493.48,67595.49,10044.07,23.52,25.00,0.00
278,56,5037.72,143370.02,65390.36,67904.22,10075.44,23.52,32.00,0.00
279,56,5124.31,144955.84,66095.03,68612.19,10248.63,23.10,20.00,0.00
280,56,5163.72,146898.14,67070.41,69500.28,10327.45,23.52,24.00,0.00
281,56,4999.10,139945.72,63787.24,66160.29,9998.19,24.38,28.00,0.00
282,56,5173.02,145224.45,66186.21,68692.21,10346.03,22.69,19.00,0.00
283,56,5049.97,145592.11,66466.59,69025.58,10099.94,23.10,26.00,0.00
284,56,5030.71,144187.75,65913.23,68213.10,10061.42,23.10,24.00,0.00
285,56,5046.21,144757.99,66077.74,68588.84,10091.42,23.52,21.00,0.00
286,56,5108.13,144684.65,65877.66,68589.73,10217.26,23.52,15.00,0.00
287,56,5025.00,142887.14,65052.06,67785.07,10050.01,23.95,15.00,0.00
288,56,5160.10,145670.74,66320.25,69030.30,10320.19,23.10,17.00,0.00
289,56,5162.42,145875.53,66462.50,69088.20,10324.83,23.10,18.00,0.00
290,56,5043.43,143444.14,65359.53,67997.76,10086.85,23.52,22.00,0.00
291,56,5134.20,144159.59,65758.55,68132.64,10268.40,23.52,19.00,0.00
292,56,5074.95,144373.44,65949.29,68274.26,10149.89,23.52,23.00,0.00
293,56,4887.74,142697.44,65099.55,67822.41,9775.48,23.95,31.00,0.00
294,56,4830.21,140215.22,64038.84,66515.95,9660.43,23.95,15.00,0.00
295,56,4681.86,134307.85,61190.11,63754.03,9363.71,25.28,21.00,0.00
296,56,5115.10,143466.68,65402.22,67834.27,10230.19,22.69,16.00,0.00
297,56,5185.75,144649.14,65943.87,68333.76,10371.51,22.28,31.00,0.00
298,56,5258.20,148587.67,67700.58,70370.69,10516.40,22.28,20.00,0.00
299,56,5091.18,147830.27,67474.41,70176.50,10179.36,22.69,26.00,0.00
300,56,5060.02,144934.64,66093.29,68718.30,10123.04,22.69,19.00,0.00
301,56,5106.51,145414.46,66201.63,68999.82,10213.01,23.52,22.99,0.00
302,56,5245.51,147532.54,67157.37,69884.15,10491.03,22.69,24.01,0.00
303,56,5102.11,145364.00,66318.37,68841.42,10204.21,23.52,15.00,0.00
304,56,5236.88,148717.51,67835.41,70408.35,10473.75,22.69,20.00,0.00
305,56,4977.21,143933.94,65757.71,68221.82,9954.41,23.52,17.00,0.00
306,56,5200.49,146806.61,67043.43,69363.20,10399.98,22.69,27.00,0.00
307,56,5234.53,146711.84,66952.77,69289.01,10470.06,22.69,21.00,0.00
308,56,5334.85,152072.78,69288.08,72115.00,10669.70,21.89,17.00,0.00
309,56,5190.14,146982.10,67093.87,69507.94,10380.29,22.69,23.00,0.00
310,56,5351.94,152097.39,69435.26,71958.24,10703.89,21.89,19.00,0.00
311,56,5433.04,152330.22,69547.56,71916.58,10866.09,21.50,33.00,0.00
312,56,5285.90,147915.21,67425.73,69917.68,10571.80,23.10,23.00,0.00
313,56,5288.09,150370.60,68611.19,71183.23,10576.18,22.28,28.00,0.00
314,56,5397.73,153085.33,69909.50,72380.37,10795.46,21.89,21.00,0.00
315,56,5752.30,166982.64,76299.95,79178.10,11504.60,20.37,25.00,0.00
316,56,5100.42,146460.36,66723.42,69536.10,10200.84,23.52,25.00,0.00
317,56,5227.61,148015.31,67429.89,70130.20,10455.22,22.69,23.00,0.00
318,56,5636.55,156618.42,71506.26,73839.07,11273.09,20.74,32.00,0.00
319,56,5436.28,155235.98,70782.64,73580.78,10872.56,21.89,24.00,0.00
320,56,4949.91,141216.39,64576.80,66739.76,9899.82,23.52,26.00,0.00
321,56,5139.94,143801.27,65671.21,67850.18,10279.88,23.10,30.00,0.00
322,56,5342.16,150892.63,68916.12,71292.19,10684.33,21.89,29.00,0.00
323,56,5407.57,154837.67,70614.38,73408.15,10815.14,21.50,30.00,0.00
324,56,5424.43,155071.18,70836.56,73393.76,10840.85,21.50,18.00,0.00
325,56,5449.38,155150.36,70585.97,73657.62,10906.76,21.50,32.00,0.00
326,56,5339.66,155131.20,70774.76,73677.12,10679.32,21.89,28.00,0.00
327,56,5472.12,154697.39,70693.55,73059.60,10944.24,21.11,29.00,0.00
328,56,5610.76,158626.33,72349.96,75055.84,11220.53,21.11,26.00,0.00
329,56,5509.11,158127.29,72283.51,74824.56,11019.23,20.74,19.00,0.00
330,56,5452.05,155159.49,70843.68,73411.70,10904.10,21.50,23.00,0.00
331,56,2997.70,84805.62,38638.18,40178.03,5989.41,25.74,15.00,0.00
332,56,5547.54,159103.63,72606.13,75396.40,11101.09,21.11,31.00,0.00
333,56,5590.11,159607.46,72945.33,75481.92,11180.21,20.74,20.00,0.00
334,56,5664.28,159044.89,72575.60,75140.73,11328.56,21.11,11.00,0.00
335,56,5574.35,161659.06,73898.60,76611.77,11148.69,20.74,16.00,0.00
336,56,5606.98,160215.32,73159.69,75841.68,11213.95,20.74,29.00,0.00
337,56,5634.06,161294.77,73641.81,76384.84,11268.12,20.74,21.00,0.00
338,56,5522.78,158692.64,72307.10,75339.98,11045.56,21.50,21.00,0.00
339,56,5283.23,151106.61,68985.02,71555.13,10566.46,21.89,32.00,0.00
340,56,5533.01,157991.17,72052.08,74873.08,11066.01,21.50,16.00,0.00
341,56,5678.88,159584.70,72802.50,75424.44,11357.77,20.74,26.00,0.00
342,56,5781.01,162805.18,74265.08,76979.08,11561.01,20.37,28.00,0.00
343,56,5194.01,146972.32,66940.14,69643.15,10389.02,23.10,24.00,0.00
344,56,5400.08,154150.37,70364.08,72986.12,10800.17,21.89,33.00,0.00
345,56,5529.77,157374.54,71792.05,74522.94,11059.55,20.74,24.00,0.00
346,56,5790.05,164285.51,74921.69,77785.71,11578.11,20.37,26.00,0.00
347,56,5713.25,164709.17,75023.26,78257.41,11428.50,20.74,25.00,0.00
348,56,5536.90,158812.01,72473.64,75264.59,11073.79,21.11,30.00,0.00
349,56,5541.60,157606.71,71958.85,74564.66,11083.21,21.11,31.00,0.00
350,56,5702.35,161284.86,73576.50,76303.66,11404.70,20.37,27.00,0.00
351,56,5717.70,163392.34,74502.05,77454.90,11435.39,20.37,31.00,0.00
352,56,5947.48,168478.59,76950.21,79633.42,11894.96,19.29,18.00,0.00
353,56,6020.87,169325.20,77290.27,79993.21,12041.73,18.95,31.00,0.00
354,56,5974.04,166509.09,75913.50,78647.51,11948.08,19.65,29.00,0.00
355,56,5857.97,166042.16,75757.62,78568.60,11715.94,20.00,28.00,0.00
356,56,5895.66,169378.34,77365.59,80221.43,11791.33,19.65,32.00,0.00
357,56,5665.98,161839.55,73672.79,76834.78,11331.97,20.74,20.00,0.00
358,56,5676.43,162151.16,73956.54,76841.76,11352.85,20.74,28.00,0.00
359,56,5702.83,160273.35,73019.88,75847.80,11405.67,21.11,25.00,0.00
360,56,5901.97,166149.04,75747.56,78597.55,11803.93,20.00,32.00,0.00
361,56,5536.90,157351.16,71933.70,74343.66,11073.80,21.11,32.00,0.00
362,56,5605.21,159114.07,72712.77,75194.87,11206.43,20.74,17.00,0.00
363,56,5747.73,164232.38,75022.52,77710.40,11499.47,19.65,21.00,0.00
364,56,5820.40,163877.23,74668.12,77568.32,11640.80,20.37,19.00,0.00
365,56,5933.73,168879.46,77035.56,79976.43,11867.47,19.65,27.00,0.00
366,56,5889.27,166710.58,76085.46,78847.59,11777.54,19.65,23.00,0.00
367,56,6013.72,170656.15,77873.42,80754.29,12028.45,19.65,25.00,0.00
368,56,5915.92,167153.76,76159.98,79161.94,11831.84,20.00,18.00,0.00
369,56,5867.21,164999.91,75194.69,78070.80,11734.42,20.37,27.00,0.00
370,56,5751.01,168732.32,77056.15,80174.15,11502.02,20.00,28.00,0.00
371,56,6222.60,178576.56,81513.78,84617.58,12445.20,18.61,21.00,0.00
372,56,5743.05,166585.35,75968.62,79130.64,11486.09,20.00,28.00,0.00
373,56,5824.86,165754.10,75650.22,78454.15,11649.73,20.00,36.00,0.00
374,56,5644.45,160418.88,73202.88,75927.10,11288.91,21.50,23.00,0.00
375,56,5887.70,165315.55,75314.15,78226.00,11775.40,20.00,21.00,0.00
376,56,5680.02,159819.45,72906.20,75553.21,11360.03,21.11,21.00,0.00
377,56,5812.41,163727.49,74728.25,77374.43,11624.82,20.37,21.00,0.00
378,56,6044.46,170847.74,77982.03,80776.78,12088.92,19.65,30.00,0.00
379,56,5912.53,163852.64,74702.68,77330.91,11819.06,20.00,35.00,0.00
380,56,4646.82,133066.89,60589.67,63177.57,9299.64,26.68,24.00,0.00
381,56,3421.68,96990.05,44317.91,45828.77,6843.37,34.33,18.00,0.00
382,56,3434.43,97547.28,44548.61,46129.81,6868.86,31.94,16.00,0.00
383,56,3452.93,95874.03,43594.10,45374.07,6905.86,33.72,18.00,0.00
384,56,3520.07,98754.06,44991.94,46721.98,7040.15,32.53,16.00,0.00
385,56,3717.89,104891.03,47857.64,49599.60,7433.79,30.26,21.00,0.00
386,56,3866.99,107411.73,49049.88,50625.87,7735.98,28.16,14.00,0.00
387,56,3721.23,105854.54,48281.98,50130.10,7442.46,29.72,16.00,0.00
388,56,3640.03,104705.77,47737.35,49688.36,7280.05,30.26,14.00,0.00
389,56,4002.93,114343.99,52145.08,54193.05,8005.86,28.16,22.00,0.00
390,56,4027.05,114792.53,52294.70,54443.73,8054.11,28.16,19.00,0.00
391,56,4079.99,112717.72,51391.87,53165.87,8159.98,27.17,20.00,0.00
392,56,3930.93,110735.92,50520.05,52354.02,7861.85,28.16,21.00,0.00
393,56,3950.98,111113.48,50754.76,52456.75,7901.96,28.16,19.00,0.00
394,56,4299.05,121053.54,55207.70,57247.73,8598.11,26.68,23.00,0.00
395,56,4562.07,129912.93,59340.88,61447.91,9124.14,24.83,23.00,0.00
396,56,4185.47,117181.20,53352.26,55457.99,8370.94,26.68,23.00,0.00
397,56,4283.13,118684.71,54129.69,55988.75,8566.27,26.20,17.00,0.00
398,56,4466.01,124843.28,56805.13,59106.13,8932.02,25.28,19.00,0.00
399,56,4048.38,114926.70,52351.88,54478.07,8096.75,27.66,22.00,0.00
400,56,4303.01,121081.35,55283.16,57192.16,8606.02,25.74,29.00,0.00
401,56,4407.67,124527.72,56828.77,58883.61,8815.34,25.74,10.00,0.00
402,56,4549.98,130803.43,59716.74,61986.73,9099.96,24.38,23.00,0.00
403,56,4222.13,122223.80,55820.73,57958.80,8444.26,26.20,15.00,0.00
404,56,4491.72,126797.96,57715.34,60099.19,8983.43,25.74,13.00,0.00
405,56,4609.11,132488.05,60402.39,62867.45,9218.21,24.38,21.00,0.00
406,56,4513.15,128638.29,58726.96,60885.03,9026.30,24.83,18.00,0.00
407,56,4390.95,126536.68,57735.40,60019.37,8781.91,25.28,22.00,0.00
408,56,4668.80,131573.42,59965.46,62270.36,9337.60,23.95,34.00,0.00
409,56,2502.02,71617.67,32648.31,33965.32,5004.05,33.72,8.00,0.00
410,56,4504.94,130150.16,59384.16,61756.12,9009.87,24.38,18.00,0.00
411,56,4576.32,129392.93,59041.08,61199.22,9152.63,24.38,20.00,0.00
412,56,4580.05,129939.34,59208.61,61570.64,9160.09,24.83,25.00,0.00
413,56,4779.96,133867.77,61079.44,63228.42,9559.91,23.52,24.00,0.00
414,56,4589.86,128492.19,58552.26,60760.20,9179.73,24.38,23.00,0.00
415,56,4591.05,129989.54,59425.70,61381.73,9182.11,23.95,18.00,0.00
416,56,4736.11,135045.16,61542.44,64030.50,9472.22,23.95,16.00,0.00
417,56,4475.02,127470.70,58147.32,60382.33,8941.05,24.83,27.00,0.00
418,56,4491.66,128971.13,58889.49,61094.32,8987.31,24.83,30.00,0.00
419,56,4640.02,131259.67,59869.31,62105.32,9285.05,24.38,20.00,0.00
420,56,4696.97,132941.19,60722.63,62824.62,9393.94,23.52,23.00,0.00
421,56,4800.57,135174.95,61654.28,63919.54,9601.13,23.52,19.00,0.00
422,56,4753.78,135862.77,61998.16,64357.05,9507.56,23.95,21.00,0.00
423,56,4922.95,141277.69,64397.40,67034.38,9845.91,23.10,25.00,0.00
424,56,4933.15,140606.22,64216.93,66523.00,9866.30,23.10,25.00,0.00
425,56,4805.56,136845.50,62482.29,64753.08,9610.12,23.10,19.00,0.00
426,56,4869.37,141312.70,64515.89,67057.08,9739.74,23.52,16.00,0.00
427,56,5076.57,145060.66,66217.37,68691.16,10152.14,22.69,26.00,0.00
428,56,4837.47,138144.32,62937.07,65531.32,9675.93,23.52,24.00,0.00
429,56,5010.99,141662.60,64694.82,66945.81,10021.97,22.28,19.00,0.00
430,56,4697.09,133711.58,60973.18,63344.22,9394.18,23.95,25.00,0.00
431,56,4939.94,141874.25,64613.20,67381.17,9879.88,22.69,15.00,0.00
432,56,4901.93,141677.05,64696.11,67177.07,9803.86,23.10,16.00,0.00
433,56,5033.69,142172.37,64837.06,67267.92,10067.39,22.28,24.00,0.00
434,56,4464.17,128263.97,58465.27,60870.36,8928.35,25.74,26.00,0.00
435,56,4564.95,132668.67,60658.39,62880.37,9129.91,24.83,21.00,0.00
436,56,5148.07,147797.92,67322.87,70178.91,10296.13,22.28,24.00,0.00
437,56,5255.45,150063.16,68421.78,71130.49,10510.89,21.50,34.00,0.00
438,56,5546.64,154064.82,70308.13,72663.40,11093.28,20.74,25.00,0.00
439,56,5619.75,157434.05,71871.83,74322.72,11239.50,20.74,30.00,0.00
440,56,4763.25,134687.12,61393.25,63767.37,9526.50,23.52,16.00,0.00
441,56,5342.95,148995.65,68053.38,70256.36,10685.90,21.50,29.00,0.00
442,56,5077.95,145169.49,66221.31,68794.29,10153.89,22.28,17.00,0.00
443,56,5507.80,156726.37,71504.43,74204.33,11017.60,20.74,29.00,0.00
444,56,5489.10,154678.83,70441.29,73266.34,10971.20,21.50,24.00,0.00
445,56,5653.01,161646.42,73717.19,76616.20,11313.03,20.37,19.00,0.00
446,56,5786.71,163264.72,74557.22,77134.09,11573.41,20.37,30.00,0.00
447,56,5598.39,158764.12,72345.07,75222.27,11196.78,20.74,25.00,0.00
448,56,5607.14,155702.99,70967.82,73521.89,11213.29,20.37,19.00,0.00
449,56,5626.40,160712.88,73257.20,76201.88,11253.80,20.74,23.00,0.00
450,56,5673.22,163565.39,74628.92,77590.03,11346.44,20.37,20.00,0.00
451,56,5904.03,166014.80,75660.36,78546.38,11808.06,19.65,19.00,0.00
452,56,5692.83,163501.04,74588.74,77526.65,11385.65,20.37,22.00,0.00
453,56,5782.32,163031.09,74448.15,77018.29,11564.64,20.00,26.00,0.00
454,56,5564.17,160526.90,73244.23,76158.32,11124.34,20.74,22.00,0.00
455,56,5652.54,161141.91,73499.03,76333.80,11309.08,20.74,21.00,0.00
456,56,5892.62,165947.36,75598.91,78563.22,11785.23,19.65,26.00,0.00
457,56,5857.64,165219.95,75325.42,78186.24,11708.29,20.00,26.00,0.00
458,56,5833.06,169911.81,77569.83,80668.86,11673.12,20.00,29.00,0.00
459,56,6027.89,168851.82,77037.55,79758.50,12055.77,19.29,20.00,0.00
460,56,5789.09,166215.60,75771.19,78866.23,11578.18,20.00,30.00,0.00
461,56,6039.01,170224.30,77649.13,80497.14,12078.02,19.29,32.00,0.00
462,56,5808.57,170903.21,77991.17,81294.92,11617.13,20.00,31.00,0.00
463,56,5953.42,168135.00,76739.48,79488.67,11906.85,19.65,32.00,0.00
464,56,6184.09,176228.48,80505.13,83355.17,12368.17,18.95,28.00,0.00
465,56,5932.16,168748.52,76972.06,79912.14,11864.32,19.65,24.00,0.00
466,56,5370.90,153898.03,70341.64,72814.59,10741.79,21.89,24.00,0.00
467,56,5900.12,169346.33,77351.52,80194.58,11800.23,19.65,24.00,0.00
468,56,5889.04,170757.04,78027.48,80951.49,11778.07,19.65,29.00,0.00
469,56,6018.00,170175.87,77710.94,80428.94,12035.99,19.29,39.00,0.00
470,56,6157.83,174239.12,79513.77,82409.69,12315.66,18.95,22.00,0.00
471,56,6102.75,176519.64,80494.64,83819.51,12205.49,18.95,19.00,0.00
472,56,6025.34,174405.80,79543.47,82811.65,12050.68,19.29,23.00,0.00
473,56,6254.04,174435.15,79534.52,82392.54,12508.08,18.95,33.00,0.00
474,56,5893.89,167349.93,76318.60,79243.55,11787.78,20.37,32.00,0.00
475,56,5435.57,150512.12,68543.59,71097.39,10871.14,22.69,23.00,0.00
476,56,5731.37,162990.66,74454.87,77073.04,11462.75,20.37,23.00,0.00
477,56,5925.83,166763.32,75965.87,78945.79,11851.67,19.65,31.00,0.00
478,56,5642.84,160804.58,73363.98,76154.90,11285.69,20.00,20.00,0.00
479,56,5912.26,168339.46,76876.41,79638.53,11824.52,18.61,31.00,0.00
480,56,5966.16,172687.67,78922.13,81833.21,11932.32,18.61,30.00,0.00
481,56,5926.70,169801.44,77489.09,80458.94,11853.40,18.95,23.00,0.00
482,56,6042.32,173799.21,79214.20,82500.37,12084.64,19.29,25.00,0.00
483,56,5857.92,167215.65,76300.93,79204.89,11709.84,19.65,29.00,0.00
484,56,6151.05,173542.38,79139.63,82094.65,12308.10,18.61,31.00,0.00
485,56,5421.63,155353.04,70839.22,73670.55,10843.26,20.74,19.00,0.00
486,56,4838.14,135095.08,61586.10,63832.70,9676.29,55.82,20.00,0.00
487,56,4865.23,141395.71,64553.06,67112.19,9730.46,28.67,18.00,0.00
488,56,4914.92,137065.78,62522.99,64712.95,9829.84,29.19,24.00,0.00
489,56,4535.24,132559.96,60344.17,63145.32,9070.48,36.89,20.00,0.00
490,56,4846.96,137805.95,62864.52,65247.50,9693.93,58.92,21.00,0.00
491,56,4884.65,141744.82,64801.35,67174.18,9769.30,27.66,20.00,0.00
492,56,4784.25,138086.34,63153.36,65365.48,9567.51,31.94,21.00,0.00
493,56,4758.11,134391.06,61380.40,63493.45,9517.22,29.19,20.00,0.00
494,56,4737.62,133242.28,60700.12,63068.93,9473.24,30.26,21.00,0.00
495,56,4805.21,137506.11,62621.78,65271.90,9612.43,30.81,26.00,0.00
496,56,4559.01,132843.35,60679.16,63046.16,9118.02,38.25,24.00,0.00
497,56,4666.06,133210.69,60817.77,63060.80,9332.12,35.59,20.00,0.00
498,56,4742.03,132009.88,60360.40,62165.41,9484.06,34.33,20.00,0.00
499,56,4512.90,126702.11,57739.68,59936.63,9025.79,45.79,16.00,0.00
500,56,4446.06,124701.77,56720.80,59088.84,8892.13,55.82,19.00,0.00
501,56,4662.35,134157.79,61127.67,63705.42,9324.70,26.68,16.00,0.00
502,56,4815.73,136046.06,62002.62,64411.99,9631.46,31.37,18.99,0.00
503,56,5202.88,148147.56,67604.43,70137.37,10405.76,54.83,15.00,0.00
504,56,5242.88,148998.56,68089.43,70423.38,10485.76,24.83,20.00,0.00
505,56,4916.82,143144.70,65337.58,67981.48,9825.64,26.68,19.00,0.00
506,56,4533.27,127264.58,58018.46,60171.59,9074.54,41.10,14.00,0.00
507,56,4995.82,142574.21,65099.57,67484.00,9990.63,28.16,17.00,0.00
508,56,5010.04,144602.05,65980.71,68600.26,10021.08,26.68,21.00,0.00
509,56,5046.17,143826.87,65594.22,68140.31,10092.34,28.67,23.00,0.00
510,56,5204.16,147651.62,67409.11,69834.19,10408.33,24.38,20.00,0.00
511,56,4793.89,136649.75,62375.52,64686.46,9587.77,31.37,18.00,0.00
512,56,5081.91,143109.55,65285.88,67659.84,10163.83,26.20,16.00,0.00
513,56,4911.06,140811.83,64114.83,66874.87,9822.13,24.83,18.00,0.00
514,56,5050.84,142371.59,64914.99,67354.92,10101.69,28.16,17.00,0.00
515,56,5198.87,146919.39,67026.35,69495.29,10397.74,28.16,21.00,0.00
516,56,5277.82,151582.10,69226.52,71799.94,10555.64,25.74,20.00,0.00
517,56,5234.38,148964.34,67997.96,70497.62,10468.76,23.95,20.01,0.00
518,56,5080.68,145946.78,66546.80,69238.63,10161.36,27.17,13.00,0.00
519,56,5047.32,144162.05,65798.13,68269.29,10094.63,25.74,14.00,0.00
520,56,4744.95,136428.20,62267.65,64670.64,9489.91,23.95,17.01,0.00
521,56,4590.96,130778.84,59709.45,61887.48,9181.92,34.33,21.99,0.00
522,56,4758.01,136128.35,62068.16,64544.16,9516.02,31.37,22.00,0.00
523,56,5198.03,147690.91,67344.42,69950.43,10396.06,23.10,19.00,0.00
524,56,4876.75,138926.77,63359.70,65813.57,9753.49,28.16,27.00,0.00
525,56,4956.31,139982.87,63867.05,66205.20,9910.63,27.66,19.00,0.00
526,56,5066.90,143987.12,65631.69,68219.63,10135.80,23.95,31.00,0.00
527,56,4475.20,127943.64,58419.57,60573.67,8950.39,50.11,19.00,0.00
528,56,5270.92,152248.63,69425.92,72280.87,10541.84,22.69,30.00,0.00
529,56,4906.07,137556.94,62844.89,64899.92,9812.14,28.16,22.00,0.00
530,56,5052.39,141643.07,64786.87,66751.41,10104.79,21.89,29.01,0.00
531,56,5149.56,144315.62,65813.58,68202.92,10299.12,26.20,19.99,0.00
532,56,4952.03,139705.73,63704.33,66097.34,9904.05,28.67,9.00,0.00
533,56,5399.97,154289.07,70317.58,73171.56,10799.93,21.50,19.00,0.00
534,56,5362.91,150403.58,68669.89,71007.86,10725.83,23.95,24.00,0.00
535,56,5079.76,142964.37,65110.98,67693.86,10159.53,26.68,24.00,0.00
536,56,5402.15,153496.32,70024.97,72667.04,10804.30,21.11,25.00,0.00
537,56,4965.91,137564.42,62690.82,64950.78,9922.81,29.19,30.00,0.00
538,56,5118.11,150023.33,68523.52,71254.58,10245.23,22.69,16.00,0.00
539,56,5076.76,142943.20,65256.90,67532.79,10153.52,24.83,19.00,0.00
540,56,5438.28,155254.98,70876.64,73501.78,10876.56,21.50,17.00,0.00
541,56,5154.00,145539.92,66326.96,68904.96,10307.99,25.28,15.00,0.00
542,56,5163.13,148908.61,68011.65,70581.71,10315.25,21.89,17.00,0.00
543,56,5056.88,145612.53,66530.42,68957.36,10124.76,25.74,20.00,0.00
544,56,5299.59,154013.29,70318.14,73095.97,10599.19,21.89,20.01,0.00
545,56,5230.75,148753.33,67770.75,70521.09,10461.49,24.83,26.99,0.00
546,56,5333.91,152138.44,69456.83,72013.79,10667.82,21.11,23.00,0.00
547,56,5017.85,144291.68,65811.03,68444.95,10035.70,25.74,29.00,0.00
548,56,5429.27,154556.70,70504.51,73193.65,10858.54,21.50,22.00,0.00
549,56,5080.99,143837.85,65696.93,67978.93,10161.99,24.83,18.00,0.00
550,56,5106.97,147789.18,67479.63,70095.61,10213.94,23.10,22.00,0.00
551,56,5317.77,151335.55,68986.06,71713.94,10635.55,21.89,18.00,0.00
552,56,5001.12,144661.58,65965.63,68693.70,10002.25,26.20,26.00,0.00
553,56,4962.07,138674.95,63150.89,65599.92,9924.14,23.10,19.00,0.00
554,56,5235.90,149483.18,68252.71,70764.66,10465.80,21.50,23.00,0.00
555,56,5446.95,156796.22,71423.61,74472.70,10899.91,21.11,28.01,0.00
556,56,5225.23,146345.36,66787.34,69107.56,10450.46,24.83,27.99,0.00
557,56,5386.07,152680.09,69762.96,72144.99,10772.15,21.11,18.00,0.00
558,56,4963.71,142791.75,65174.23,67690.09,9927.43,23.52,24.00,0.00
559,56,5292.13,148654.85,67779.52,70291.06,10584.27,21.50,24.01,0.00
560,56,5446.96,154429.38,70396.50,73138.97,10893.91,22.69,28.99,0.00
561,56,5696.82,160583.81,73169.64,76020.54,11393.63,20.00,24.00,0.00
562,56,5127.97,144657.06,65855.57,68545.55,10255.93,22.28,19.00,0.00
563,56,5649.85,160424.80,73136.09,75989.01,11299.70,21.50,31.00,0.00
564,56,5965.18,168589.08,76978.32,79680.40,11930.36,18.95,20.00,0.00
565,56,5340.09,148657.40,67832.10,70145.13,10680.17,23.95,23.00,0.00
566,56,5339.96,153443.91,70028.50,72735.48,10679.92,21.11,26.00,0.00
567,56,5460.63,157249.41,71701.17,74626.97,10921.26,21.11,22.00,0.00
568,56,5761.35,163175.97,74520.55,77132.71,11522.70,20.74,28.00,0.00
569,56,5832.02,166373.57,75818.26,78891.27,11664.04,19.65,29.00,0.00
570,56,5985.16,167109.44,76223.03,78916.10,11970.32,18.95,32.00,0.00
571,56,5455.97,153752.14,70184.61,72655.59,10911.94,22.28,21.00,0.00
572,56,5350.01,153747.21,70269.10,72778.10,10700.01,20.74,26.00,0.00
573,56,5531.02,155691.69,70962.32,73667.33,11062.05,20.74,22.00,0.00
574,56,5852.63,165998.61,75724.26,78569.08,11705.27,19.65,36.00,0.00
575,56,5627.34,159509.52,72733.34,75521.51,11254.67,22.69,18.00,0.00
576,56,6235.96,177290.91,80876.50,83942.49,12471.92,18.28,35.00,0.00
577,56,5278.77,154294.83,70336.63,73400.66,10557.55,21.11,19.01,0.00
578,56,5094.25,144867.31,66156.31,68522.50,10188.51,22.28,22.99,0.00
579,56,5420.05,157190.39,71749.11,74601.18,10840.10,20.00,32.01,0.00
580,56,5244.75,150738.10,68674.65,71573.96,10489.50,25.28,23.99,0.00
581,56,5404.97,152667.90,69631.73,72226.23,10809.94,20.74,28.99,0.00
582,56,5351.62,153409.03,69947.00,72758.80,10703.23,20.74,27.00,0.00
583,56,5428.25,154061.82,70360.15,72845.18,10856.50,20.00,25.01,0.00
584,56,5504.53,154974.52,70675.08,73290.38,11009.05,23.52,22.99,0.00
585,56,5351.98,152022.42,69344.74,71973.73,10703.96,18.95,25.00,0.00
586,56,5454.47,155448.98,70958.16,73581.87,10908.95,20.74,22.01,0.00
587,56,5356.70,154494.26,70389.02,73391.85,10713.39,21.11,20.00,0.00
588,56,5498.49,155961.79,71178.29,73786.52,10996.97,20.00,33.00,0.00
589,56,5538.30,155343.31,70987.21,73279.50,11076.60,21.89,27.99,0.00
590,56,5471.01,156563.21,71387.10,74234.10,10942.01,20.74,34.00,0.00
591,56,5380.00,149164.91,68130.96,70273.96,10759.99,20.74,25.00,0.00
592,56,5928.95,167800.17,76580.39,79361.89,11857.89,18.61,19.00,0.00
593,56,5783.08,167055.19,76249.24,79239.80,11566.16,20.37,23.00,0.00
594,56,5778.86,163125.07,74470.20,77096.14,11558.72,19.29,32.00,0.00
595,56,5820.68,162864.05,74180.92,77042.77,11640.36,19.65,23.00,0.00
596,56,5896.45,166171.64,75758.76,78619.98,11792.90,19.29,26.00,0.00
597,56,5843.93,168396.91,76974.04,79735.01,11687.85,18.95,20.00,0.00
598,56,5611.96,158438.87,72217.48,74997.46,11223.92,20.37,27.00,0.00
599,56,5677.12,161932.49,73809.59,76769.66,11353.25,20.00,19.00,0.00
600,56,5905.11,165507.16,75422.44,78273.49,11811.23,19.29,25.00,0.00
601,56,5617.78,159457.79,72685.17,75537.06,11235.56,19.65,29.00,0.00
602,56,5506.93,157872.88,72104.03,74755.00,11013.85,20.37,22.00,0.00
603,56,5600.74,158685.67,72327.66,75156.53,11201.48,20.74,27.00,0.00
604,56,5545.33,159148.87,72572.28,75486.93,11089.67,21.50,22.00,0.00
605,56,5453.01,158334.41,72245.42,75181.97,10907.03,20.74,22.00,0.00
606,56,5649.05,159050.38,72480.63,75271.65,11298.10,20.00,13.00,0.00
607,56,5565.78,161174.56,73610.06,76432.95,11131.56,19.65,23.00,0.00
608,56,5580.77,162233.32,74021.95,77049.83,11161.54,20.00,27.00,0.00
609,56,5605.99,161563.71,73749.87,76601.86,11211.98,20.00,27.00,0.00
610,56,6014.44,172667.70,78892.80,81746.01,12028.88,18.28,20.00,0.00
611,56,5656.96,161593.90,73727.50,76552.48,11313.92,19.65,22.00,0.00
612,56,5701.75,165465.65,75524.12,78538.04,11403.49,18.95,25.01,0.00
613,56,5543.25,158386.99,72290.18,75010.32,11086.50,21.11,31.99,0.00
614,56,5395.08,154166.16,70329.99,73046.03,10790.15,21.11,22.00,0.00
615,56,5647.96,161241.91,73485.50,76460.48,11295.92,20.00,31.00,0.00
616,56,6270.96,178641.92,81594.51,84505.49,12541.92,17.95,30.00,0.00
617,56,5975.23,170914.51,78044.97,80919.08,11950.46,18.95,30.00,0.00
618,56,5643.45,162398.10,74122.74,76988.46,11286.90,20.00,29.00,0.00
619,56,5473.39,156416.15,71337.09,74132.29,10946.78,19.65,24.00,0.00
620,56,5597.04,161148.21,73604.55,76349.57,11194.08,19.65,25.00,0.00
621,56,5955.24,166940.69,76097.58,78932.64,11910.47,17.95,33.01,0.00
622,56,5998.47,168705.86,76907.33,79801.59,11996.93,18.95,31.99,0.00
623,56,6089.23,170543.31,77664.12,80700.74,12178.45,18.95,20.00,0.00
624,56,5624.50,158775.89,72497.56,75029.33,11249.00,20.37,27.00,0.00
625,56,5834.58,164225.24,74938.41,77617.68,11669.15,18.95,37.00,0.00
626,56,5383.55,151664.22,69170.17,71726.96,10767.09,21.11,19.00,0.00
627,56,5803.50,165440.37,75447.55,78385.81,11607.01,18.95,23.00,0.00
628,56,5801.24,165398.42,75387.15,78408.79,11602.48,18.28,28.01,0.00
629,56,5964.23,169753.76,77377.10,80448.19,11928.47,19.29,29.99,0.00
630,56,5579.45,160822.96,73364.91,76299.15,11158.90,20.00,22.00,0.00
631,56,6044.83,170909.24,77928.83,80890.75,12089.66,18.28,21.00,0.00
632,56,5745.00,162372.89,74031.95,76850.95,11489.99,19.65,31.00,0.00
633,56,5779.05,161406.38,73552.63,76295.65,11558.10,19.65,25.00,0.00
634,56,5668.59,161630.42,73720.72,76572.52,11337.19,18.61,37.01,0.00
635,56,5592.05,159002.43,72374.71,75443.63,11184.09,21.89,20.99,0.00
636,56,5520.08,158597.19,72319.00,75238.04,11040.15,20.37,26.00,0.00
637,56,5642.54,159938.25,72949.96,75704.22,11284.08,20.37,24.00,0.00
638,56,6006.74,171632.60,78365.65,81252.48,12014.47,18.28,26.01,0.00
639,56,5923.20,168041.02,76681.74,79512.88,11846.41,19.29,20.99,0.00
640,56,6093.16,169126.45,77168.03,79772.10,12186.32,18.61,40.00,0.00
641,56,6025.32,171642.65,78128.19,81463.82,12050.64,18.95,19.00,0.00
642,56,5902.42,166298.71,75947.35,78546.53,11804.83,18.95,34.00,0.00
643,56,5757.25,165688.26,75544.31,78629.44,11514.50,19.29,24.00,0.00
644,56,6249.82,177075.80,80779.63,83796.54,12499.63,17.32,32.00,0.00
645,56,6096.19,172572.40,78633.46,81746.56,12192.38,19.29,33.00,0.00
646,56,5828.93,166878.08,76205.12,79015.09,11657.87,19.65,27.00,0.00
647,56,5896.58,169164.98,77165.52,80206.30,11793.16,19.29,25.00,0.00
648,56,6362.43,181994.18,83013.56,86256.77,12723.85,17.95,32.00,0.00
649,56,6462.02,182848.45,83401.21,86522.21,12925.03,17.95,34.00,0.00
650,56,5974.47,173113.62,79095.97,82068.71,11948.94,17.32,40.00,0.00
651,56,6745.46,191454.18,87367.02,90596.24,13490.93,17.32,39.00,0.00
652,56,6132.09,175081.60,79824.19,82993.23,12264.18,18.95,31.00,0.00
653,56,5994.69,169741.23,77332.00,80419.85,11989.38,18.95,28.00,0.00
654,56,6063.18,173138.24,79081.39,81930.48,12126.37,19.29,14.00,0.00
655,56,6291.04,181383.29,82780.59,86020.61,12582.09,17.32,25.00,0.00
656,56,6128.78,174518.69,79603.12,82658.01,12257.56,18.28,25.00,0.00
657,56,6155.73,173859.31,79222.50,82325.36,12311.46,18.28,26.00,0.00
658,56,5943.47,168221.20,76720.02,79614.24,11886.93,18.95,26.00,0.00
659,56,6332.01,175983.23,80123.10,83196.11,12664.02,17.95,34.00,0.00
660,56,5937.29,170690.72,77880.75,80935.38,11874.59,17.95,22.00,0.00
661,56,6001.71,170210.06,77660.15,80546.50,12003.41,18.28,22.00,0.00
662,56,6361.47,177857.04,81046.19,84087.93,12722.93,17.32,32.00,0.00
663,56,5813.35,166301.04,75775.57,78898.76,11626.70,19.65,26.00,0.00
664,56,6108.07,173002.07,78964.94,81820.98,12216.15,18.28,24.00,0.00
665,56,6688.65,188303.67,85785.02,89141.35,13377.30,16.41,28.01,0.00
666,56,6590.63,186898.83,85202.38,88515.19,13181.26,17.95,24.99,0.00
667,56,5941.62,170238.09,77672.02,80682.83,11883.24,18.28,22.00,0.00
668,56,6031.86,171070.48,78078.17,80928.58,12063.73,17.01,34.00,0.00
669,56,6121.59,171415.38,78183.70,80988.51,12243.17,18.95,27.00,0.00
670,56,6199.78,175516.75,80035.15,83082.04,12399.56,18.28,24.00,0.00
671,56,6414.56,183613.44,83799.27,86985.05,12829.12,17.95,25.00,0.00
672,56,6763.77,191783.13,87413.11,90842.48,13527.54,16.71,20.00,0.00
673,56,6169.17,177139.47,80765.26,84036.88,12337.33,18.61,36.01,0.00
674,56,6080.94,176217.12,80465.14,83589.11,12162.87,18.28,26.00,0.00
675,56,7115.08,200629.28,91635.04,94764.07,14230.16,16.41,35.00,0.00
676,56,6806.99,192927.83,88071.92,91241.92,13613.99,17.63,46.00,0.00
677,56,6987.79,198244.21,90476.15,93792.48,13975.58,16.12,24.01,0.00
678,56,6852.16,191993.50,87573.74,90715.44,13704.33,17.01,34.99,0.00
679,56,6646.45,192336.04,87748.95,91294.19,13292.90,17.32,38.00,0.00
680,56,6676.82,185410.13,84406.78,87649.70,13353.65,17.63,24.00,0.00
681,56,6131.94,172979.29,78858.22,81857.19,12263.88,18.61,27.00,0.00
682,56,6698.12,190410.53,86810.61,90203.67,13396.25,17.63,25.00,0.00
683,56,6323.87,179291.25,81785.29,84858.23,12647.74,17.95,29.00,0.00
684,56,6528.10,186295.95,84934.34,88305.40,13056.21,17.95,33.00,0.00
685,56,6879.82,199169.74,91037.60,94372.51,13759.64,15.55,26.00,0.00
686,56,6990.24,194624.82,88790.11,91854.22,13980.49,17.01,28.00,0.00
687,56,6419.64,182727.68,83253.30,86635.11,12839.28,17.95,30.00,0.00
688,56,6629.31,187115.79,85444.01,88413.15,13258.62,16.71,36.00,0.00
689,56,6957.74,197704.64,90260.64,93528.52,13915.48,16.12,29.00,0.00
690,56,6563.34,188921.84,86227.49,89567.66,13126.68,17.32,21.00,0.00
691,56,6573.90,187268.17,85341.71,88778.66,13147.80,17.32,32.00,0.00
692,56,6546.66,185736.32,84821.58,87821.42,13093.32,17.63,34.00,0.00
693,56,7111.44,201599.41,91979.66,95396.87,14222.88,16.12,29.00,0.00
694,56,6486.63,186837.44,85155.19,88708.98,12973.27,17.63,35.00,0.00
695,56,6741.84,193846.38,88436.89,91925.81,13483.68,16.71,24.00,0.00
696,56,6791.20,193475.57,88337.54,91555.64,13582.39,17.32,16.00,0.00
697,56,7323.34,208118.54,95019.35,98451.51,14647.67,15.55,32.00,0.00
698,56,7074.04,197349.20,89992.55,93209.57,14147.09,16.12,32.00,0.00
699,56,6975.94,195608.38,89195.26,92461.23,13951.88,16.41,28.00,0.00
700,56,6796.17,190493.78,86809.18,90092.26,13592.34,16.71,36.00,0.00
701,56,6762.09,197680.62,90291.20,93865.24,13524.18,16.71,22.00,0.00
702,56,5645.96,158203.82,72127.46,74784.44,11291.92,21.89,35.00,0.00
703,56,5902.02,167336.67,76279.30,79253.32,11804.05,20.00,32.00,0.00
704,56,6307.84,177762.48,81113.94,84032.86,12615.68,18.95,25.00,0.00
705,56,6784.87,194253.17,88685.25,91998.19,13569.73,17.01,37.00,0.00
706,56,6986.69,198352.15,90446.96,93931.81,13973.38,17.32,33.00,0.00
707,56,6946.11,196638.13,89708.43,93037.48,13892.22,17.01,22.00,0.00
708,56,6457.46,184391.07,84229.97,87246.18,12914.92,17.32,33.00,0.00
709,56,6465.62,182466.39,83242.16,86292.98,12931.25,17.32,23.00,0.00
710,56,6722.80,190384.46,86900.47,90038.38,13445.61,17.01,33.00,0.00
711,56,6895.07,196629.89,89731.86,93107.89,13790.13,16.41,21.00,0.00
712,56,6257.08,177857.21,81131.01,84212.04,12514.17,18.28,22.01,0.00
713,56,6728.12,192986.96,88173.31,91357.42,13456.23,17.32,42.99,0.00
714,56,6335.13,179494.67,81855.67,84968.74,12670.26,17.95,23.00,0.00
715,56,7197.74,200217.71,91260.68,94561.56,14395.48,16.12,33.00,0.00
716,56,6227.19,175901.35,80308.44,83138.53,12454.38,17.95,18.00,0.00
717,56,6071.54,177171.67,80925.91,84102.67,12143.09,18.28,31.00,0.00
718,56,6639.62,186843.37,85040.91,88523.23,13279.23,17.32,39.00,0.00
719,56,6869.70,196894.34,89764.05,93392.89,13737.40,16.41,27.00,0.00
720,56,6200.74,173668.70,79133.67,82131.55,12403.48,18.95,25.00,0.00
721,56,6591.71,185028.94,84371.09,87474.43,13183.42,17.01,41.00,0.00
722,56,6168.69,175315.30,80011.03,82966.88,12337.39,17.95,24.00,0.00
723,56,6338.10,180324.77,82271.26,85377.31,12676.19,17.01,26.00,0.00
724,56,6303.05,179433.31,81782.59,85044.62,12606.09,17.32,24.00,0.00
725,56,5991.96,171652.96,78349.52,81319.51,11983.93,18.95,31.00,0.00
726,56,6487.84,182129.42,83048.91,86104.84,12975.67,17.01,29.00,0.00
727,56,5959.14,170286.90,77664.78,80703.85,11918.27,18.28,18.00,0.00
728,56,6568.77,186563.39,85079.98,88345.87,13137.53,16.71,27.00,0.00
729,56,6696.26,190465.37,86895.36,90177.49,13392.52,16.71,28.00,0.00
730,56,6495.03,183883.88,83839.40,87056.42,12988.06,17.01,32.00,0.00
731,56,6522.13,186719.88,85082.74,88590.89,13046.25,16.71,27.01,0.00
732,56,6525.50,182759.99,83415.05,86293.94,13051.00,17.32,33.99,0.00
733,56,6871.23,195049.43,89057.93,92249.04,13742.45,15.83,30.00,0.00
734,56,6838.09,196310.48,89610.13,93024.17,13676.17,17.32,34.00,0.00
735,56,6599.91,188239.45,85930.85,89108.77,13199.82,16.41,27.01,0.00
736,56,6762.00,194107.56,88694.75,91888.81,13524.00,17.01,25.99,0.00
737,56,6564.81,189631.42,86487.68,90014.12,13129.62,16.12,25.00,0.00
738,56,6575.16,185242.41,84465.24,87626.84,13150.33,17.32,32.00,0.00
739,56,6527.96,184373.01,84137.55,87179.53,13055.93,16.41,27.00,0.00
740,56,5943.13,171307.84,78107.75,81314.82,11885.27,18.95,27.00,0.00
741,56,6814.83,192116.13,87667.78,90817.70,13630.65,16.41,28.00,0.00
742,56,6381.02,182087.50,83017.23,86308.24,12762.04,18.61,34.00,0.00
743,56,6474.10,181997.86,83137.31,85912.35,12948.20,17.01,38.00,0.00
744,56,6645.07,189585.87,86507.86,89787.89,13290.13,16.41,34.00,0.00
745,56,6347.95,177920.52,81094.33,84130.30,12695.89,17.63,19.00,0.00
746,56,6755.97,195333.02,89221.55,92599.54,13511.93,16.71,29.00,0.00
747,56,6752.90,190006.35,86785.37,89715.19,13505.79,16.12,28.01,0.00
748,56,6603.18,186204.78,84916.64,88081.77,13206.37,17.32,33.99,0.00
749,56,6596.82,188426.99,85897.72,89336.62,13192.65,16.71,32.00,0.00
750,56,5971.70,170511.54,77751.14,80815.99,11944.41,17.32,17.00,0.00
751,56,6486.24,182358.83,83174.12,86212.23,12972.49,17.95,22.00,0.00
752,56,6905.14,197628.95,90092.80,93732.87,13803.28,16.71,28.00,0.00
753,56,6729.89,191372.83,87268.56,90637.50,13466.78,16.71,32.00,0.00
754,56,7110.68,198572.08,90616.93,93733.79,14221.36,16.12,29.00,0.00
755,56,6467.54,184063.41,83864.02,87264.31,12935.08,17.32,30.00,0.00
756,56,6670.55,190547.21,86964.16,90241.94,13341.10,16.41,32.00,0.00
757,56,6788.33,196730.51,89753.34,93400.52,13576.66,16.71,31.00,0.00
758,56,6440.61,183370.91,83642.94,86846.75,12881.22,17.32,25.00,0.00
759,56,6948.30,194764.31,88812.79,92054.93,13896.59,15.83,32.00,0.00
760,56,6373.27,178126.68,81272.51,84107.63,12746.55,17.95,24.00,0.00
761,56,6561.17,186967.85,85386.21,88459.29,13122.34,16.71,36.00,0.00
762,56,7011.15,199586.17,91070.91,94492.96,14022.30,15.83,31.01,0.00
763,56,7036.62,200041.22,91138.12,94829.87,14073.23,16.12,25.99,0.00
764,56,6663.05,192357.11,87662.94,91368.08,13326.10,16.41,17.01,0.00
765,56,6615.79,187138.46,85330.48,88576.40,13231.58,17.32,31.99,0.00
766,56,7017.16,198924.67,90663.13,94227.21,14034.33,16.12,30.00,0.00
767,56,5923.83,169542.00,77297.72,80396.63,11847.65,18.61,21.00,0.00
768,56,6323.77,180682.52,82594.04,85440.93,12647.55,17.32,33.00,0.00
769,56,6127.38,172202.68,78515.87,81432.05,12254.76,17.63,21.00,0.00
770,56,6177.26,176154.55,80207.44,83592.58,12354.53,17.95,33.00,0.00
771,56,6871.66,195609.87,89237.61,92628.94,13743.33,15.55,30.00,0.00
772,56,6558.08,183919.19,83877.23,86925.80,13116.16,17.01,28.00,0.00
773,56,5822.05,165095.32,75345.60,78105.62,11644.09,19.65,33.00,0.00
774,56,6399.61,180898.99,82583.98,85520.80,12794.22,17.01,34.00,0.00
775,56,6542.60,185520.88,84862.72,87567.97,13090.19,16.12,26.00,0.00
776,56,6379.45,179417.51,81950.92,84707.69,12758.90,16.71,30.00,0.00
777,56,6459.39,182680.07,83354.05,86407.24,12918.78,17.63,38.00,0.00
778,56,6123.96,172864.73,78767.42,81849.40,12247.91,17.32,28.00,0.00
779,56,6277.30,179183.97,81862.85,84766.52,12554.60,17.01,27.00,0.00
780,56,6405.64,178551.71,81531.09,84209.35,12811.27,16.71,31.00,0.00
781,56,6501.95,186808.50,85343.32,88461.29,13003.90,16.71,31.00,0.00
782,56,6117.11,172399.09,78612.41,81552.46,12234.22,17.95,30.00,0.00
783,56,6399.75,183093.97,83499.79,86794.67,12799.51,17.01,31.00,0.00
784,56,5484.28,156582.01,71473.66,74139.79,10968.56,19.29,24.00,0.00
785,56,5405.97,156463.18,71334.63,74316.61,10811.94,19.65,10.00,0.00
786,56,5787.56,163374.44,74478.28,77334.06,11562.11,18.61,35.00,0.00
787,56,5635.29,159239.17,72680.73,75274.86,11283.58,18.95,21.00,0.00
788,56,5986.03,170034.73,77470.33,80592.35,11972.05,17.95,22.00,0.00
789,56,6055.21,173308.02,79110.75,82086.85,12110.42,18.28,23.00,0.00
790,56,6188.86,175933.08,80292.21,83263.14,12377.72,17.32,31.00,0.00
791,56,6400.91,181460.51,82794.86,85863.82,12801.82,17.01,23.00,0.00
792,56,6301.26,182391.51,83320.92,86468.06,12602.53,16.71,33.01,0.00
793,56,5676.16,160144.21,73042.15,75749.75,11352.31,19.29,24.00,0.00
794,56,5744.35,165230.98,75394.56,78347.73,11488.69,18.28,27.00,0.00
795,56,6040.41,172496.49,78710.24,81705.45,12080.81,18.61,28.99,0.00
796,56,5720.90,163329.24,74483.74,77403.69,11441.81,18.28,24.00,0.00
797,56,5676.20,162062.81,73889.64,76820.77,11352.40,17.63,30.01,0.00
798,56,5787.40,165912.52,75676.03,78663.69,11572.81,19.65,26.99,0.00
799,56,5662.79,161261.96,73494.22,76440.15,11327.58,18.28,21.01,0.00
800,56,5616.28,160339.82,73065.59,76041.68,11232.55,19.65,24.99,0.00
801,56,5627.50,161691.50,73743.61,76692.88,11255.01,20.37,22.00,0.00
802,56,6345.86,184210.04,84004.19,87514.12,12691.73,17.95,30.00,0.00
803,56,6025.29,174056.26,79387.77,82617.92,12050.57,17.63,18.00,0.00
804,56,5194.61,145698.09,66528.02,68780.85,10389.22,21.89,23.00,0.00
805,56,5494.94,156173.23,71178.19,74005.16,10989.88,18.95,26.00,0.00
806,56,5415.25,155322.07,70894.23,73597.35,10830.49,18.95,28.00,0.00
807,56,5609.10,159199.97,72618.36,75363.41,11218.21,18.95,36.00,0.00
808,56,5878.55,169499.12,77349.12,80392.89,11757.11,17.95,19.00,0.00
809,56,6809.63,191386.68,87402.07,90365.35,13619.26,16.41,27.00,0.00
810,56,5830.18,166607.29,76064.44,78882.49,11660.36,18.28,21.01,0.00
811,56,6147.76,172763.97,78831.24,81637.22,12295.51,18.61,26.99,0.00
812,56,6771.77,192251.44,87784.00,90924.90,13542.54,16.41,32.00,0.00
813,56,6081.14,172798.07,78875.86,81758.93,12163.29,17.95,31.00,0.00
814,56,5835.82,168352.66,76895.56,79785.47,11671.63,18.61,29.00,0.00
815,56,6230.29,175418.04,79971.67,82985.80,12460.57,17.01,26.00,0.00
816,56,6199.70,176241.36,80474.06,83367.91,12399.39,17.63,32.00,0.00
817,56,5847.25,167707.04,76462.21,79550.34,11694.49,18.28,21.00,0.00
818,56,5942.87,169231.24,77171.28,80176.22,11883.74,17.95,26.00,0.00
819,56,5897.62,167235.18,76265.07,79172.88,11797.24,17.63,32.00,0.00
820,56,6591.61,188491.32,86037.91,89270.20,13183.21,17.01,25.00,0.00
821,56,6340.85,180660.79,82346.08,85633.00,12681.70,17.63,29.00,0.00
822,56,6795.94,194204.33,88539.24,92073.21,13591.88,16.71,30.00,0.00
823,56,6695.51,189934.09,86477.67,90065.40,13391.02,16.71,30.00,0.00
824,56,6138.34,176647.64,80753.41,83617.56,12276.67,17.32,16.00,0.00
825,56,5929.92,167790.74,76433.97,79496.93,11859.84,17.95,26.00,0.00
826,56,6591.49,185514.06,84511.92,87819.17,13182.98,16.41,29.01,0.00
827,56,6141.75,173996.13,79480.82,82231.81,12283.49,17.95,33.99,0.00
828,56,7118.52,203032.34,92524.77,96270.52,14237.04,15.83,24.00,0.00
829,56,6443.99,181594.64,82871.84,85834.83,12887.97,17.01,21.00,0.00
830,56,5878.41,166062.70,75790.34,78515.53,11756.83,18.28,29.00,0.00
831,56,6204.31,177856.87,81150.05,84298.20,12408.62,17.32,32.00,0.00
832,56,5824.02,165930.51,75610.23,78672.24,11648.04,18.28,30.00,0.00
833,56,6334.37,179334.14,81836.85,84830.55,12666.74,17.01,26.00,0.00
834,56,6576.29,186068.17,84853.72,88059.86,13154.58,16.71,22.00,0.00
835,56,5740.19,162500.40,74030.46,76989.56,11480.38,20.00,26.00,0.00
836,56,6153.93,176272.08,80355.12,83609.09,12307.87,17.95,22.00,0.00
837,56,6698.96,186270.80,84978.45,87894.44,13397.91,17.01,26.00,0.00
838,56,5876.63,166297.40,75805.17,78738.98,11753.25,17.63,26.00,0.00
839,56,5941.19,170135.45,77608.49,80644.59,11882.38,17.63,26.00,0.00
840,56,5799.21,167018.12,76198.79,79220.90,11598.43,17.95,28.00,0.00
841,56,6357.53,176699.06,80546.10,83437.89,12715.07,17.32,30.00,0.00
842,56,5874.67,168919.12,77010.94,80158.84,11749.35,17.95,30.01,0.00
843,56,6355.48,178634.29,81570.50,84352.83,12710.96,18.28,28.99,0.00
844,56,6511.15,187976.40,85806.01,89148.09,13022.30,16.41,35.00,0.00
845,56,6481.84,183515.41,83629.91,86921.83,12963.68,17.01,24.00,0.00
846,56,6508.15,186668.41,85185.01,88467.09,13016.31,16.71,29.00,0.00
847,56,6425.02,179956.70,82190.32,84916.33,12850.05,17.01,21.00,0.00
848,56,6717.89,191671.77,87548.53,90687.47,13435.77,16.71,29.00,0.00
849,56,6290.01,178333.38,81345.17,84408.18,12580.03,17.01,29.00,0.00
850,56,6406.92,181956.79,83063.99,86079.95,12812.84,16.71,25.00,0.00
851,56,5902.16,169103.47,77224.04,80074.12,11805.31,17.63,22.00,0.00
852,56,6803.47,190931.18,87086.24,90238.00,13606.94,16.41,24.00,0.00
853,56,6329.47,179136.30,81686.06,84791.30,12658.94,17.63,33.00,0.00
854,56,6144.50,176268.69,80355.48,83624.21,12289.00,17.63,22.00,0.00
855,56,6610.49,187951.91,85657.34,89073.59,13220.98,16.71,32.00,0.00
856,56,6303.08,179339.20,81818.00,84915.04,12606.15,17.01,27.00,0.00
857,56,7269.92,206276.74,94232.97,97503.93,14539.84,15.27,32.00,0.00
858,56,6716.08,190123.26,86734.03,89957.07,13432.16,16.71,28.00,0.00
859,56,6567.86,186272.98,84887.17,88250.09,13135.72,16.71,32.00,0.00
860,56,6432.36,183505.24,83650.67,86989.85,12864.72,17.01,30.00,0.00
861,56,6609.96,186096.73,84930.42,87952.40,13213.91,17.01,31.00,0.00
862,56,6725.85,190990.71,87038.05,90494.97,13457.70,15.83,37.00,0.00
863,56,6695.11,191946.18,87605.45,90950.51,13390.22,16.41,30.00,0.00
864,56,6866.93,195695.06,89355.12,92607.08,13732.86,15.83,21.00,0.00
865,56,6551.16,192758.18,88049.61,91605.24,13103.32,16.12,33.01,0.00
866,56,6514.33,183098.10,83639.58,86429.86,13028.66,17.63,32.99,0.00
867,56,6322.29,181545.24,82902.76,85997.90,12644.57,17.32,21.00,0.00
868,56,7452.41,214363.94,97818.22,101640.91,14904.81,15.00,27.00,0.00
869,56,6919.27,198312.82,90458.57,94015.71,13838.55,15.83,23.00,0.00
870,56,6914.42,199150.00,90652.66,94668.49,13828.85,15.83,33.01,0.00
871,56,7343.47,205451.21,93690.49,97073.78,14686.94,15.83,28.99,0.00
872,56,6313.13,181734.65,82834.66,86273.73,12626.25,17.01,26.00,0.00
873,56,6905.26,195243.39,89051.37,92381.49,13810.52,15.83,31.00,0.00
874,56,6856.91,194276.36,88545.80,92016.75,13713.81,16.12,37.00,0.00
875,56,6722.72,194970.74,88948.23,92577.08,13445.43,16.41,29.00,0.00
876,56,6457.09,183443.49,83811.14,86718.18,12914.18,16.71,27.00,0.00
877,56,6385.22,181426.34,82699.89,85956.01,12770.45,17.63,27.00,0.00
878,56,7127.85,202182.71,92151.05,95775.97,14255.70,15.55,33.00,0.00
879,56,7038.22,199284.26,90938.86,94268.96,14076.44,15.55,30.00,0.00
880,56,6851.46,194663.62,88845.98,92114.72,13702.92,16.12,30.00,0.00
881,56,6502.41,185883.37,84872.43,88006.11,13004.82,16.71,36.01,0.00
882,56,6408.89,181650.44,82932.59,85900.08,12817.77,17.63,37.99,0.00
883,56,6493.41,187334.79,85487.38,88860.59,12986.82,17.32,28.00,0.00
884,56,7468.74,210739.80,96110.72,99691.60,14937.49,15.55,40.00,0.00
885,56,7391.00,209220.04,95453.02,98985.02,14782.00,16.12,24.00,0.00
886,56,7818.79,222087.15,101228.33,105221.23,15637.59,15.55,29.00,0.00
887,56,4071.30,115354.61,52655.93,54556.07,8142.61,59.99,22.00,0.00
888,56,2713.42,77856.06,35510.50,36918.72,5426.84,65.65,5.00,0.00
889,56,2853.48,81447.25,37121.28,38619.00,5706.97,65.65,13.00,0.00
890,56,2915.74,82200.59,37422.62,38946.49,5831.47,64.47,11.00,0.00
891,56,2714.33,75872.25,34599.22,35844.37,5428.66,73.13,13.00,0.00
892,56,2854.73,78482.70,35794.67,36978.56,5709.47,70.55,13.00,0.00
893,56,2599.06,76579.66,34952.76,36428.79,5198.11,74.46,6.00,0.00
894,56,2805.87,78573.38,35890.13,37071.50,5611.74,71.83,16.00,0.00
895,56,2787.57,78297.93,35747.49,36975.30,5575.14,71.83,11.00,0.00
896,56,2783.73,79434.29,36201.49,37665.35,5567.46,74.46,15.00,0.00
897,56,2602.98,76616.52,34927.78,36482.77,5205.97,74.46,11.00,0.00
898,56,3100.65,85957.18,39214.52,40541.37,6201.29,69.29,9.00,0.00
899,56,3030.34,84359.47,38489.32,39809.47,6060.68,66.84,19.00,0.00
900,56,3091.34,85975.55,39170.59,40622.28,6182.67,66.84,15.00,0.00
901,56,2940.46,84493.09,38542.20,40069.96,5880.93,75.82,13.01,0.00
902,56,3157.92,87477.05,39956.32,41204.89,6315.84,73.13,13.00,0.00
903,56,2959.05,82809.48,37789.68,39101.70,5918.11,70.55,12.00,0.00
904,56,2869.83,80233.28,36570.85,37922.77,5739.66,73.13,16.00,0.00
905,56,3136.39,88879.34,40510.19,42096.37,6272.78,68.05,16.99,0.00
906,56,3180.66,90026.96,41044.41,42621.23,6361.32,66.84,17.01,0.00
907,56,3177.12,91535.22,41765.70,43415.28,6354.24,68.05,18.01,0.00
908,56,3135.05,88644.24,40416.80,41957.33,6270.11,69.29,10.00,0.00
909,56,2899.96,81674.16,37298.40,38575.83,5799.93,74.46,13.00,0.00
910,56,3322.09,94877.89,43295.09,44938.63,6644.17,64.47,12.00,0.00
911,56,3317.86,94033.15,42971.24,44426.18,6635.73,69.29,17.00,0.00
912,56,2903.99,84179.83,38372.92,39999.92,5806.99,73.13,7.00,0.00
913,56,3078.96,87787.89,40092.50,41536.48,6158.92,73.13,19.00,0.00
914,56,3154.05,89809.42,40903.65,42597.68,6308.10,70.55,12.00,0.00
915,56,3348.15,96083.13,43796.10,45590.72,6696.31,69.29,8.00,0.00
916,56,3499.82,98769.63,44996.80,46773.20,6999.64,69.29,14.99,0.00
917,56,3241.72,92918.10,42343.40,44091.25,6483.45,66.84,10.00,0.00
918,56,3414.12,97937.32,44684.52,46424.58,6828.23,66.84,12.00,0.00
919,56,3109.60,90789.41,41419.71,43150.49,6219.21,70.55,13.00,0.00
920,56,3096.66,88706.92,40383.61,42129.99,6193.32,75.82,13.00,0.00
921,56,3311.81,93103.75,42459.60,44020.52,6623.63,66.84,11.00,0.00
922,56,3429.52,98739.14,45002.68,46877.42,6859.04,68.05,13.00,0.00
923,56,3542.50,98004.73,44736.27,46183.47,7084.99,68.05,11.00,0.00
924,56,3141.02,89744.68,40894.31,42568.32,6282.05,74.46,15.00,0.00
925,56,3099.03,88185.73,40194.33,41793.35,6198.05,77.19,11.00,0.00
926,56,3149.70,89505.94,40861.10,42345.43,6299.40,77.19,15.00,0.00
927,56,2938.27,84306.13,38451.48,39978.10,5876.55,80.03,9.00,0.00
928,56,3348.80,95082.26,43287.39,45097.28,6697.60,69.29,19.00,0.00
929,56,2434.22,70180.44,32046.94,33265.05,4868.45,70.55,9.00,0.00
930,56,3225.70,94125.18,42967.98,44705.81,6451.40,64.47,18.00,0.00
931,56,2907.32,83543.13,38135.17,39593.33,5814.64,82.96,14.00,0.00
932,56,3030.93,87558.86,39954.02,41542.98,6061.85,89.16,11.00,0.00
933,56,2764.72,79393.85,36159.29,37705.13,5529.43,99.33,12.00,0.00
934,56,3125.30,89075.48,40616.87,42208.02,6250.60,87.56,17.00,0.00
935,56,3544.03,102617.01,46931.46,48597.48,7088.07,69.29,17.00,0.00
936,56,3332.88,95226.67,43454.48,45106.42,6665.77,74.46,11.00,0.00
937,56,3770.11,105608.97,48223.36,49845.40,7540.21,68.05,23.00,0.00
938,56,3356.87,94372.32,43026.32,44632.26,6713.74,77.19,13.00,0.00
939,56,3108.75,91399.01,41740.05,43441.46,6217.50,84.47,14.00,0.00
940,56,3403.10,96090.50,43817.37,45466.93,6806.19,75.82,18.99,0.00
941,56,3206.13,92618.72,42244.92,43961.53,6412.27,82.96,6.00,0.00
942,56,3491.94,97533.35,44375.51,46173.97,6983.88,75.82,15.00,0.00
943,56,3695.92,102775.73,46856.97,48526.93,7391.84,65.65,17.00,0.00
944,56,3478.99,98037.86,44771.72,46308.16,6957.98,68.05,11.00,0.00
945,56,3266.21,92644.66,42135.84,43976.40,6532.42,86.00,14.00,0.00
946,56,3588.20,101096.68,46070.35,47849.94,7176.39,71.83,12.00,0.00
947,56,3101.03,90200.93,41165.19,42833.67,6202.07,86.00,15.00,0.00
948,56,3772.25,107681.19,49128.28,51008.41,7544.50,65.65,12.00,0.00
949,56,3751.78,103365.81,47151.18,48711.08,7503.55,63.32,19.00,0.00
950,56,3400.53,97753.18,44561.92,46390.20,6801.06,75.82,14.00,0.00
951,56,3591.05,101205.36,46069.87,47953.38,7182.11,69.29,9.00,0.00
952,56,2986.33,86265.64,39399.40,40893.57,5972.67,78.60,11.00,0.00
953,56,3825.06,109536.23,49999.80,51886.32,7650.11,66.84,18.00,0.00
954,56,3355.27,94955.34,43248.59,44996.21,6710.54,80.03,20.00,0.00
955,56,3422.73,95064.52,43351.59,44867.47,6845.46,82.96,9.00,0.00
956,56,3284.92,94979.70,43323.18,45086.67,6569.85,82.96,12.00,0.00
957,56,3789.93,106658.80,48683.21,50395.73,7579.85,74.46,19.99,0.00
958,56,3184.93,89074.95,40586.06,42120.03,6368.85,84.47,7.00,0.00
959,56,3871.08,112913.42,51466.10,53704.15,7743.17,70.55,17.00,0.00
960,56,3529.80,101526.07,46379.54,48086.93,7059.60,69.29,18.00,0.00
961,56,3840.95,106349.83,48406.72,50269.21,7673.90,75.82,18.00,0.00
962,56,3449.88,97805.58,44528.44,46369.38,6907.76,73.13,13.00,0.00
963,56,2884.31,80077.60,36585.93,37723.05,5768.62,69.29,13.00,0.00
964,56,3764.83,107497.01,49041.72,50925.64,7529.65,58.92,19.00,0.00
965,56,3640.20,103964.83,47551.67,49132.76,7280.41,62.19,18.00,0.00
966,56,3358.59,96851.23,44274.62,45859.43,6717.18,77.19,15.00,0.00
967,56,3976.05,113849.55,52010.71,53886.73,7952.11,70.55,17.00,0.00
968,56,3612.15,102844.35,46865.98,48754.06,7224.31,74.46,17.00,0.00
969,56,3784.43,107572.77,49028.58,50975.32,7568.87,65.65,16.01,0.00
970,56,3712.66,105972.20,48305.53,50241.35,7425.31,75.82,16.00,0.00
971,56,3667.34,106962.78,48879.47,50748.64,7334.67,71.83,18.00,0.00
972,56,3767.34,107364.66,49086.36,50743.63,7534.68,73.13,15.99,0.00
973,56,4147.03,120579.99,55048.45,57237.47,8294.07,64.47,20.00,0.00
974,56,4494.40,126941.16,57867.09,60085.28,8988.79,59.99,16.00,0.00
975,56,3872.05,112202.53,51288.70,53171.73,7742.11,70.55,14.00,0.00
976,56,4455.90,125969.05,57277.66,59777.60,8913.79,61.08,16.00,0.00
977,56,3988.13,112595.61,51345.65,53273.71,7976.26,66.84,15.00,0.00
978,56,4077.54,117048.71,53439.93,55457.70,8151.07,66.84,22.00,0.00
979,56,4004.77,114139.85,52085.97,54040.35,8013.53,70.55,16.00,0.00
980,56,4060.18,114971.81,52541.40,54310.05,8120.36,63.32,24.99,0.00
981,56,4236.21,118137.82,53894.66,55770.75,8472.42,63.32,25.00,0.00
982,56,4194.17,119391.83,54580.21,56423.28,8388.34,68.05,19.00,0.00
983,56,4438.94,126571.29,57800.22,59893.19,8877.88,58.92,13.00,0.00
984,56,4162.66,117800.66,53727.51,55747.83,8325.32,64.47,17.00,0.00
985,56,4295.30,120719.24,55047.99,57080.65,8590.59,65.65,22.00,0.00
986,56,4486.89,124651.95,56869.61,58808.56,8973.78,62.19,19.00,0.00
987,56,4088.05,115298.28,52611.58,54510.60,8176.09,71.83,19.00,0.00
988,56,4115.66,116440.03,53108.68,55100.03,8231.32,66.84,22.99,0.00
989,56,4391.26,123891.57,56526.23,58582.82,8782.52,59.99,18.01,0.00
990,56,4433.25,126698.12,57863.25,59968.37,8866.50,68.05,19.00,0.00
991,56,4231.72,120560.92,54960.32,57137.17,8463.43,63.32,12.00,0.00
992,56,4475.32,127915.09,58372.15,60592.31,8950.64,59.99,23.00,0.00
993,56,4654.58,134228.56,61280.80,63638.60,9309.16,56.84,24.01,0.00
994,56,4330.73,123776.73,56498.44,58616.82,8661.46,65.65,11.00,0.00
995,56,3991.98,113755.33,51847.70,53923.68,7983.95,68.05,19.00,0.00
996,56,4028.17,113483.09,51735.09,53691.66,8056.35,71.83,18.01,0.00
997,56,3950.48,112976.47,51512.15,53563.36,7900.96,71.83,16.99,0.00
998,56,3885.27,111465.68,50845.50,52849.64,7770.54,78.60,17.00,0.00
999,56,3666.98,105793.42,48322.73,50136.72,7333.96,74.46,17.00,0.00
1000,56,4366.69,123511.14,56349.96,58427.81,8733.37,66.84,21.00,0.00
1001,56,3919.05,111911.56,51103.71,52969.74,7838.11,71.83,16.00,0.00
1002,56,4821.98,138442.38,63192.72,65605.71,9643.96,59.99,22.00,0.00
1003,56,4416.29,124619.18,56793.73,58992.87,8832.58,59.99,24.00,0.00
1004,56,4253.88,120235.52,54929.41,56798.35,8507.75,70.55,17.00,0.00
1005,56,3911.99,112534.79,51430.90,53279.90,7823.99,77.19,24.00,0.00
1006,56,4406.27,131855.86,60289.31,62754.02,8812.53,57.87,25.01,0.00
1007,56,4656.66,132843.34,60621.59,62908.42,9313.32,58.92,22.00,0.00
1008,56,3910.95,110990.18,50720.37,52447.91,7821.90,71.83,22.99,0.00
1009,56,3509.39,101474.28,46243.14,48212.36,7018.78,59.99,26.00,0.00
1010,56,3537.63,101207.34,46186.13,47945.95,7075.25,80.03,14.00,0.00
1011,56,3394.32,95181.90,43376.06,45017.21,6788.63,84.47,16.00,0.00
1012,56,3944.06,112192.78,51046.81,53257.85,7888.13,65.65,16.00,0.00
1013,56,3544.00,101955.86,46564.94,48302.93,7087.99,37.56,13.00,0.00
1014,56,3027.01,87199.35,39790.16,41355.17,6054.02,92.42,9.00,0.00
1015,56,3301.94,92798.22,42353.19,43841.16,6603.87,87.56,13.00,0.00
1016,56,2788.05,79019.38,36135.63,37307.65,5576.10,102.97,18.00,0.00
1017,56,2512.00,72811.95,33191.98,34595.98,5024.00,46.63,11.00,0.00
1018,56,2114.12,60945.37,27834.54,28882.60,4228.23,134.90,11.00,0.00
1019,56,2002.47,56760.21,25923.04,26832.25,4004.93,134.90,9.00,0.00
1020,56,1778.64,51834.37,23680.14,24596.96,3557.27,186.54,15.00,0.00
1021,56,1209.00,33515.06,15300.03,15797.03,2418.00,68.05,4.00,0.00
1022,56,1597.88,44310.65,20214.47,20900.42,3195.76,235.74,7.00,0.00
1023,56,1494.53,41655.75,18969.72,19696.97,2989.06,51.94,5.00,0.00
1024,56,2047.06,58684.00,26782.68,27807.20,4094.12,164.45,12.99,0.00
1025,56,2316.13,65595.59,29886.64,31076.70,4632.25,53.85,12.00,0.00
1026,56,2443.96,70292.82,32038.46,33366.44,4887.92,46.63,12.00,0.00
1027,56,2794.17,78368.89,35735.23,37045.31,5588.35,94.10,17.00,0.00
1028,56,3238.61,93944.80,42862.89,44604.68,6477.23,90.78,20.00,0.00
1029,56,3083.34,89358.87,40843.51,42349.68,6165.68,92.42,13.00,0.00
1030,56,3325.99,94936.62,43323.83,44959.82,6652.97,74.46,17.00,0.00
1031,56,3114.77,87485.63,39805.10,41452.98,6227.55,87.56,12.00,0.00
1032,56,3701.91,106081.48,48469.85,50205.81,7405.82,31.37,20.00,0.00
1033,56,4139.98,118323.41,54048.73,55994.72,8279.96,63.32,15.00,0.00
1034,56,3591.37,103965.83,47455.95,49327.14,7182.75,66.84,11.00,0.00
1035,56,4104.99,115137.86,52452.93,54474.93,8209.99,28.16,17.00,0.00
1036,56,4864.88,138749.62,63287.46,65733.40,9728.76,58.92,21.00,0.00
1037,56,4004.86,113851.03,51949.19,53891.12,8010.72,58.92,18.00,0.00
1038,56,3699.21,110053.16,50225.81,52428.93,7398.41,49.21,19.00,0.00
1039,56,4531.88,128281.68,58628.48,60589.43,9063.77,68.05,13.00,0.00
1040,56,4396.78,124362.69,56726.12,58843.02,8793.55,71.83,17.00,0.00
1041,56,4586.22,131118.32,59809.88,62136.00,9172.44,45.79,17.00,0.00
1042,56,4538.92,127554.79,58182.99,60293.95,9077.84,34.33,13.00,0.00
1043,56,4785.13,134532.63,61252.65,63709.72,9570.26,31.37,14.00,0.00
1044,56,4487.59,127392.34,58225.67,60196.49,8970.18,68.05,33.00,0.00
1045,56,5489.40,155191.78,70879.96,73328.03,10983.80,22.28,26.01,0.00
1046,56,5434.70,151923.76,69139.76,71922.59,10861.41,56.84,25.99,0.00
1047,56,4389.17,125016.82,57047.20,59183.28,8786.34,65.65,18.00,0.00
1048,56,3576.15,102451.29,46704.96,48594.03,7152.30,63.32,14.00,0.00
1049,56,3988.98,111960.35,51066.71,52915.69,7977.95,36.24,19.00,0.00
1050,56,4489.82,131310.01,60094.99,62235.38,8979.64,44.98,19.00,0.00
1051,56,5000.24,144263.13,65659.05,68603.60,10000.48,27.66,22.00,0.00
1052,56,5092.56,144689.45,66140.26,68364.07,10185.12,53.85,23.00,0.00
1053,56,4987.06,141347.80,64524.82,66848.85,9974.13,26.68,35.00,0.00
1054,56,4892.28,142467.26,64956.99,67725.71,9784.56,25.74,20.01,0.00
1055,56,4771.51,134465.26,61488.52,63433.73,9543.01,33.12,28.00,0.00
1056,56,4695.78,132605.60,60417.33,62796.71,9391.56,32.53,17.00,0.00
1057,56,4881.63,141028.22,64362.08,66902.88,9763.25,59.99,22.00,0.00
1058,56,4593.70,132962.39,60732.07,63042.92,9187.40,35.59,27.00,0.00
1059,56,3971.08,114500.21,52256.01,54302.05,7942.15,29.19,16.00,0.00
1060,56,4524.35,126594.73,57821.45,59727.59,9045.70,48.34,20.00,0.00
